@v_choice
$Dim[69]
#
%0.00276167,0.0269062,0.0268558,0.000274586,0.0384792,0.0474321,0.00494753,0.0147289,0.00202522,0.00478548,0.00451214,0.0577211,8.98663e-05,0,0.0876796,0.000276167,0.0344864,0.0555934,0.00137958,0.00349937,0,0,0.0273135,0.0297478,0.0266172,0.0140717,0.0141894,0,0.0462119,0.0158336,0,9.20556e-05,9.20556e-05,0.0237503,0.0461199,0.00689627,0.0174031,0.0116023,0.00322195,0.00261328,0.00573786,0.0176085,0.00929762,0.00303783,0,0.0127037,0,0.00110078,0.0165739,0.0588311,0.000176532,0.00607567,0.00764061,0,0.00675078,0.0130707,0.00696676,9.19819e-05,0.00359017,0.0121911,0.0165302,0.0221854,0.0224756,0.00256349,0.0111484,0.00293609,0.0403357,0,0.000168762
@j_choice
$Dim[69,7]
#[v_choice,0]
%0,0.0672312,0.0812928,0.818143,0.0333333,0,0
#[v_choice,1]
%0.2043,0.152668,0.1652,0.457484,0.00997222,0.0103765,0
#[v_choice,2]
%0.199794,0.149838,0.16243,0.467193,0.0105757,0.0101706,0
#[v_choice,3]
%0,0,0,1,0,0,0
#[v_choice,4]
%0.0956938,0.0940611,0.109389,0.679325,0.0167464,0.00478469,0
#[v_choice,5]
%0.114587,0.0895349,0.0963224,0.628015,0.0443693,0.0271715,0
#[v_choice,6]
%0.166677,0.0856789,0.0771826,0.65214,0.0183217,0,0
#[v_choice,7]
%0.075,0.118703,0.129918,0.626377,0.0316638,0.0183377,0
#[v_choice,8]
%0,0.0813413,0.101606,0.817052,0,0,0
#[v_choice,9]
%0.0192365,0.0257094,0.0324062,0.922648,0,0,0
#[v_choice,10]
%0.0612053,0.148918,0.132316,0.616756,0.0408035,0,0
#[v_choice,11]
%0.267932,0.151832,0.139735,0.427741,0.00637934,0.00637934,0
#[v_choice,12]
%0,0,0,1,0,0,0
#[v_choice,13]
%0,0,0,0,0,0,0
#[v_choice,14]
%0.267006,0.171017,0.159987,0.387306,0.0105015,0.00313312,0.00104991
#[v_choice,15]
%0,0.129379,0.203954,0.666667,0,0,0
#[v_choice,16]
%0.227221,0.120989,0.124788,0.505643,0.0213588,0,0
#[v_choice,17]
%0.22179,0.173857,0.163057,0.433022,0.00827315,0,0
#[v_choice,18]
%0.0667422,0.200385,0.122968,0.609905,0,0,0
#[v_choice,19]
%0.263058,0.0952989,0.141539,0.473799,0.0263063,0,0
#[v_choice,20]
%0,0,0,0,0,0,0
#[v_choice,21]
%0,0,0,0,0,0,0
#[v_choice,22]
%0.00260485,0.0811289,0.0900995,0.805422,0.0207447,3.84018e-08,0
#[v_choice,23]
%0.239377,0.142918,0.125924,0.451551,0.0278526,0.012378,0
#[v_choice,24]
%0.345409,0.145905,0.143887,0.350545,0.000420125,0.0138341,0
#[v_choice,25]
%0.217098,0.206673,0.151084,0.399138,0.00689788,0.0191096,0
#[v_choice,26]
%0.310201,0.180025,0.128893,0.341796,0.0385728,0.000511987,0
#[v_choice,27]
%0,0,0,0,0,0,0
#[v_choice,28]
%0.328685,0.20563,0.228583,0.235109,0,0.00199203,0
#[v_choice,29]
%0.145349,0.228083,0.175899,0.444855,0.00581395,0,0
#[v_choice,30]
%0,0,0,0,0,0,0
#[v_choice,31]
%0,0,0,1,0,0,0
#[v_choice,32]
%0,0,0,1,0,0,0
#[v_choice,33]
%0.217054,0.100966,0.090862,0.563986,0.0232558,0.00387597,0
#[v_choice,34]
%0.143713,0.207631,0.23993,0.38677,0.0219561,0,0
#[v_choice,35]
%0.146716,0.166721,0.172871,0.513692,0,0,0
#[v_choice,36]
%0.174686,0.141807,0.186812,0.464963,0.0264479,0.00528424,0
#[v_choice,37]
%0.110956,0.121873,0.211092,0.524333,0.0238029,0.00794231,0
#[v_choice,38]
%0.457143,1.08861e-26,2.79862e-27,0.542857,0,0,0
#[v_choice,39]
%0.47093,0.169007,0.230264,0.0145164,0.11507,0.000212563,0
#[v_choice,40]
%0.00040403,0.104022,0.112957,0.722817,0.0278098,0.0319903,0
#[v_choice,41]
%0.139094,0.164328,0.223382,0.473196,0,0,0
#[v_choice,42]
%0.0495041,0.169373,0.164767,0.576751,0.0396049,0,0
#[v_choice,43]
%0.181818,0.122914,0.212185,0.45278,0,0.030303,0
#[v_choice,44]
%0,0,0,0,0,0,0
#[v_choice,45]
%0.275362,0.201315,0.168892,0.332692,0.0144928,0.00724638,0
#[v_choice,46]
%0,0,0,0,0,0,0
#[v_choice,47]
%0.167624,0.060319,0.0349627,0.487474,0.0822605,0.167359,0
#[v_choice,48]
%0.0610723,0.0567952,0.058615,0.651252,0.144501,0.0277644,0
#[v_choice,49]
%0.0641724,0.119654,0.107241,0.682332,0.0234712,0.00312949,0
#[v_choice,50]
%0.515504,0,0,0.484496,0,0,0
#[v_choice,51]
%0.12121,0.094451,0.107697,0.600882,0.0757597,0,0
#[v_choice,52]
%0.060241,0.0928709,0.0874564,0.687143,0.0722892,0,0
#[v_choice,53]
%0,0,0,0,0,0,0
#[v_choice,54]
%0.0100477,0.149844,0.157212,0.625181,0.0440893,0.0136248,0
#[v_choice,55]
%0.19736,0.143143,0.126475,0.497826,0.0281498,0.007046,0
#[v_choice,56]
%0.0428204,0.102294,0.106084,0.68576,0.0630372,5.28255e-06,0
#[v_choice,57]
%0,0,0,0,1,0,0
#[v_choice,58]
%0.0512821,0.0412086,0.0598537,0.796374,0.0512821,0,0
#[v_choice,59]
%0.0085592,0.104932,0.0990825,0.770945,0.0164814,0,0
#[v_choice,60]
%0.0382389,0.0598254,0.0561864,0.813353,0.0323963,0,0
#[v_choice,61]
%0.0912863,0.103778,0.0926152,0.654229,0.0539419,0.00414938,0
#[v_choice,62]
%0.102466,0.12628,0.136094,0.491732,0.139331,0.00409579,0
#[v_choice,63]
%0.0352835,0.0556039,0.0500886,0.75194,0.107084,0,0
#[v_choice,64]
%0.0413363,0.0789585,0.0680091,0.712585,0.0991112,0,0
#[v_choice,65]
%0.0625166,0.0187162,0.012163,0.843988,0.0626158,0,0
#[v_choice,66]
%0.0479278,0.135913,0.102251,0.652301,0.0502092,0.0113975,0
#[v_choice,67]
%0,0,0,0,0,0,0
#[v_choice,68]
%0,0.3191,0.208939,0.471961,0,0,0
@v_3_del
$Dim[69,21]
#[v_choice,0]
%0,0,0,0.101211,0,0.257884,0.0904835,0.12373,0.254078,0.0391382,0,0,0,0.133476,1.91907e-24,1.8652e-37,0,0,0,0,0
#[v_choice,1]
%0,0.00460537,0.00225144,0.0650927,0.00179233,0.165642,0.138874,0.0218966,0.164192,0.0811155,0.00873722,0.0703992,0.0230806,0.114798,0.0814768,0.0159186,0.00914487,0.00960147,0.016032,0.000972297,0.00437593
#[v_choice,2]
%0,0.00471402,0.00230758,0.0661304,0.00182258,0.167118,0.143096,0.0216314,0.162493,0.0807729,0.00853717,0.0679272,0.0233491,0.116299,0.0798978,0.0155407,0.00855866,0.00948159,0.0152098,0.00104789,0.00406522
#[v_choice,3]
%0,0,0,0,0,0,0,0,0,0,0,0,0.305419,0,0.694581,1.28077e-17,3.08763e-46,0,0,0,0
#[v_choice,4]
%0,0.00036574,0.00296756,0.0802003,0.0119405,0.130948,0.168587,0.189767,0.15463,0.0286898,0.0600321,0.00031828,0.000310623,0.0827372,0.0490616,0.0186281,0.0110911,0,0.00220327,0,0.0075219
#[v_choice,5]
%0,1.25204e-06,0,0.103401,0.0103874,0.195342,0.1252,0.155374,0.170204,0.0395301,0.0106706,0.0537633,0.00100504,0.0457594,0.0353297,0.0143226,0.0163016,0.00618221,0.0112975,0,0.00592928
#[v_choice,6]
%0,0.00998625,0,0.0567823,0.00278306,0.244418,0.081384,0.239457,0.139093,0,0.0146848,0.0777931,0.00987966,0.0790888,0.0446507,6.23827e-20,1.00809e-45,0,0,0,0
#[v_choice,7]
%0,0,0.0133642,0,0.208206,0.0672286,0.0752202,0.185026,0.0967935,0.15365,0,0.0581138,0.044858,0.00909748,0.0692163,0,0,0.00563068,0.00707614,0,0.00651927
#[v_choice,8]
%0,0,0.0690879,0.0640387,0,0.0238918,0.0666679,0.499533,0,0.138199,0,0.045691,0,0.0928911,4.95028e-22,2.21495e-35,0,0,0,0,0
#[v_choice,9]
%0,0,0.00327696,0.107821,0.0593248,0.325859,0.0281874,0.235028,0.0461402,0,0.0431588,0.0433776,0.0693871,0,0.0185792,0,0.0198597,5.71041e-25,0,0,0
#[v_choice,10]
%0,0.0190415,0,0.0716767,0.0254431,0.146072,0.0836048,0.231719,0.18288,0.0274904,0.128857,0,0.0405105,0,0.0206916,0,0.0220147,7.70776e-33,0,0,0
#[v_choice,11]
%0.000973167,5.69445e-06,0.0148971,0.0262212,3.85634e-06,0.191687,0.0886447,0.103743,0.100297,0.0195057,0.110375,0.0244104,0.0511458,0.109981,0.0228853,0.0336165,0.0746686,0.000273017,6.18034e-05,0.0125205,0.0140832
#[v_choice,12]
%0,0,0,0,0,0,0,0,1,2.97752e-16,3.18701e-45,0,0,0,0,0,0,0,0,0,0
#[v_choice,13]
%0,0,0,0,0,0,0,0,0,0,0,0,0,0,0,0,0,0,0,0,0
#[v_choice,14]
%0,0.00306681,0.0234362,0.0718928,0.0421905,0.0800124,0.0985901,0.101269,0.187912,0.0490375,0.150456,0.00761514,0.0615925,0.064182,0.00249756,0.00553568,0.0341205,0.000406601,0.00449076,3.0159e-05,0.0116659
#[v_choice,15]
%0,0,0,0,0,0,0.0984204,0.4331,0.46848,5.49635e-18,9.86905e-47,0,0,0,0,0,0,0,0,0,0
#[v_choice,16]
%0.00309597,0,0.0351559,0.0474617,0.0845417,0.0629481,0.130034,0.119429,0.189568,0.0118191,0.112065,0.0152846,0.0435491,0.0757284,0.0173674,0.014988,0.0138358,0.00879965,0.00293814,0.00190228,0.00948748
#[v_choice,17]
%0.00272398,0.00925601,0.0158631,0.054525,0.0511034,0.0769071,0.094041,0.12176,0.275673,0.0221747,0.109096,6.76366e-08,0.0692352,0.067559,0.00100137,0.0114032,0.00728278,0.0037218,0,0,0.00667373
#[v_choice,18]
%0,0,0,0.0622908,0,0.0297996,0.126664,0.0891482,0.284244,0,0.0619007,0,0.134216,0.0707846,0.0560458,0.0849062,6.17755e-27,0,0,0,0
#[v_choice,19]
%0,0,0,0.050247,0.000123696,0.133159,0.271181,0.0872795,0.058937,1.10879e-05,0.343719,0.0290358,0,0,0,0,0,0,0,0,0.0263064
#[v_choice,20]
%0,0,0,0,0,0,0,0,0,0,0,0,0,0,0,0,0,0,0,0,0
#[v_choice,21]
%0,0,0,0,0,0,0,0,0,0,0,0,0,0,0,0,0,0,0,0,0
#[v_choice,22]
%0,0,0,0,0,0.0254218,0.0927508,0.272075,0.056811,0.309221,0.000398831,0.0264756,2.24389e-06,0.0780476,0.0171246,0.0355715,0.0243952,0.0594611,0,0.00224307,1.12399e-10
#[v_choice,23]
%0.00516649,0,0.0143076,0.0506663,2.52927e-05,0.210974,0.0855269,0.0934194,0.125875,0.0132684,0.123887,0.0265068,0.0476458,0.101723,0.00609572,0.0334518,0.0278842,0.00118373,0.00758917,1.86594e-08,0.024803
#[v_choice,24]
%0,0.00750354,0.0148972,0.0974651,0.0119578,0.0712739,0.135672,0.108525,0.0155687,0.000110611,0.117461,1.6241e-05,0.0350234,0.253611,1.06995e-05,0.0531989,0.0239675,0,9.91286e-05,0.0146685,0.0389701
#[v_choice,25]
%0,0,0.0222645,0.0634417,0,0.228014,0.122605,0.079389,0.114085,0.038256,0.0712754,0.0270293,0.0263451,0.0942249,0.00108909,0.0317384,0.0575082,0.00324516,0,0.00862697,0.0108624
#[v_choice,26]
%0,0,0.0245582,0.0529271,0,0.229975,0.209622,0.0962394,0.0442029,0.0286508,0.0578359,0.00545314,0.0209154,0.0806604,0.00179596,0.0316942,0.0921444,0.00258454,0,0.00917114,0.0115698
#[v_choice,27]
%0,0,0,0,0,0,0,0,0,0,0,0,0,0,0,0,0,0,0,0,0
#[v_choice,28]
%0,0,0.0118569,0.00812947,0.0709916,0.0858649,0.0661231,0.111088,0.132385,0.0234314,0.181543,0.0306407,0.0706172,0.119829,0.0124182,0.0129069,0.0169143,0,0.0328153,0.0124451,5.75436e-21
#[v_choice,29]
%0,0,0.0393929,0.00449141,0.253153,0.0317215,0.112392,0.00335528,0.210018,0.0175194,0.0565222,0.00864894,0.120942,0.0331204,3.01671e-05,0.0437314,0,0.0139827,0.0329392,0.000477439,0.0175614
#[v_choice,30]
%0,0,0,0,0,0,0,0,0,0,0,0,0,0,0,0,0,0,0,0,0
#[v_choice,31]
%0,0,0,0,1,1.69958e-13,5.10083e-32,0,0,0,0,0,0,0,0,0,0,0,0,0,0
#[v_choice,32]
%0,0,0,0,0,0,0,0,1,1.06111e-18,2.95046e-45,0,0,0,0,0,0,0,0,0,0
#[v_choice,33]
%0,0.00280152,0,0.0086995,0.0772332,0.0138923,0.296294,0.108035,0.0459363,0.254533,0.0826272,0.00886959,0.00290604,7.86872e-06,0.0270673,0.0314205,0,0.0196456,0.00395594,5.62185e-06,0.0160699
#[v_choice,34]
%0.00656423,0.00401878,0.00244697,0.0336001,0.113897,0.107172,0.121158,0.0270347,0.241355,0.0142819,0.0142091,0.00992723,0.1262,0,0,0.0867516,4.75584e-05,0.033191,0.0382307,0.000153764,0.0197591
#[v_choice,35]
%0,0,0.000984322,0.0721491,0.0614,0.176403,0.241222,0.0196871,0.185133,0.0507241,0.038156,0.055179,0.0314759,0,0.016144,0.0151807,0,0,0.0222975,0,0.0138646
#[v_choice,36]
%0,0,0.0120403,0.0583917,0.0420996,0.101075,0.125134,0.0697696,0.173763,0.0698785,0.116287,0.020527,0.0760164,0.00981091,0.0192993,0.0756394,0.0048345,0.00566316,0.00814408,0.00463462,0.00699255
#[v_choice,37]
%0,0,0.041253,0.00113832,0.0986915,0.229087,0.10601,0.0252818,0.214776,0.0731093,0.017506,0.0414637,0.111904,0,0.00223285,0.0216398,0,0,0.00751313,0,0.00839347
#[v_choice,38]
%0,0.000132386,0.0109929,0.230353,0.07059,0.000125424,0.394726,0.0354971,0.198279,0.0306965,0,0,0,0.0286082,2.92705e-30,0,0,0,0,0,0
#[v_choice,39]
%0,7.31115e-09,0.00129145,0,1.83124e-05,0.0849881,0.139416,0.0318106,0.357017,0.0258394,0.030215,0.0305677,0.113561,0,0,0.0911388,0,2.49382e-05,0.0562435,0,0.0378674
#[v_choice,40]
%0,0.0244164,0.0354755,0,0,0.286197,0.407232,6.77452e-09,0,1.98427e-05,0.0557682,0.00140489,0.000850162,0,0,0.135326,0,0,0.0376923,0,0.0156176
#[v_choice,41]
%0,8.33096e-07,0.521973,0.00377929,0.105424,0.00860192,0,0.184625,0.000315957,0.0610287,0.0704803,0.00944091,0.0184702,0,0,0.00539707,0,0,0.00479691,0,0.00566574
#[v_choice,42]
%0,0,0.0215831,0.0547868,0.0876138,0.212649,0.204281,0.0496582,0.110984,0.0988358,0,0,0.0979991,0,0.0513937,0,0.0102159,2.34567e-28,6.44765e-40,0,0
#[v_choice,43]
%0,0,0.0274483,0,0.180394,0.026247,2.63635e-06,0.165315,0.276633,0.0739244,0.0682135,0,0,0,0,0.0301283,0,0,0.00505161,0.101031,0.0456113
#[v_choice,44]
%0,0,0,0,0,0,0,0,0,0,0,0,0,0,0,0,0,0,0,0,0
#[v_choice,45]
%0,0,0.0383206,0.0712952,0.0595327,0.04053,0.0899565,0.121087,0.0948978,0.128995,0.0865059,0.184752,0,0.00300508,0.00534813,0.00763152,0.0122526,0.030324,0.00882081,0.0167454,1.08907e-24
#[v_choice,46]
%0,0,0,0,0,0,0,0,0,0,0,0,0,0,0,0,0,0,0,0,0
#[v_choice,47]
%0,0,0.0653574,0,0.336645,0,0,0.26481,0,0,0.16701,0,0,0.0318538,0.134324,6.69936e-34,5.21083e-53,0,0,0,0
#[v_choice,48]
%0,0,0,0,0.347655,0.157501,0.0205597,0.149775,0.0832573,0.0833179,0.0171866,0.0230851,0.0510783,0.0229391,0.00419055,0.0179147,0,0,0.000188041,0.0213514,3.11568e-19
#[v_choice,49]
%0.000661355,0,0.0225106,0,0.0952196,0.136447,0.0866834,0.202795,0.0902071,0.179693,0.0413967,0.0207757,0.0574147,0.0217247,8.54844e-06,0.0167455,0.0063977,0.00213922,0.00678583,0,0.0123947
#[v_choice,50]
%0,0,0,0,0,0,0,0,0,0.508657,0,0.000896128,0.490447,1.47099e-11,4.34926e-23,3.46531e-47,0,0,0,0,0
#[v_choice,51]
%0,0,0,0.0276677,0.015346,0.00118609,0.100884,0.543121,0.107986,0.0452028,0.0351684,0.0146746,0.0113506,0.0475327,0.0286972,0.0211829,1.29342e-30,0,0,0,0
#[v_choice,52]
%0,0,0.0523562,0.00153701,0.0255721,0,0.332712,0.127626,0.227687,0,0.134073,0.00116215,0.0611169,0,0,0,0.0119959,0,0.0241624,3.44871e-25,2.10393e-41
#[v_choice,53]
%0,0,0,0,0,0,0,0,0,0,0,0,0,0,0,0,0,0,0,0,0
#[v_choice,54]
%0,0,0.00453873,0.00239383,0.12866,0.052125,0.120865,0.262752,0.244768,0.0406753,0.0893429,0,0.0297167,0.0127893,0.0113734,2.5668e-27,5.98652e-55,0,0,0,0
#[v_choice,55]
%0,0,0.000181632,0.158354,0.0414837,0.0778094,0.0387624,0.335585,0.128949,0.0872084,0.025763,0,0.00215563,0.025503,0.00585745,0.00713866,0,0.0439308,0,0.000754008,0.0205641
#[v_choice,56]
%0,0,0.024737,0.0022639,0.148798,0.0445527,0.112597,0.325209,0.246747,0.00327378,0.0332459,0,0.0371136,0.0162712,0.00519184,0,0,0,0,0,0
#[v_choice,57]
%0,0,0,0,0,1,3.81217e-13,1.31735e-24,1.54131e-44,0,0,0,0,0,0,0,0,0,0,0,0
#[v_choice,58]
%0,0,0.0418221,0.229298,0.0380558,0.100693,0.136061,0.133483,0.0604314,0.00923992,0.0960804,0,0.0684287,0.0137744,0.0726315,1.94823e-23,6.70372e-42,0,0,0,0
#[v_choice,59]
%0,0,0.0233292,0.160767,0.147747,0.12642,0.152023,0.00180487,0.196181,0.0483751,0.0241529,0.0485478,0.0353101,0,0,0.00624531,0.0121457,0,0.0164361,0,0.000513812
#[v_choice,60]
%0,0.0420676,1.87128e-07,1.28806e-05,0.129501,0.255928,0.107656,0.08721,0.142742,0.163318,0,0.0196194,0,0,0,0.00448423,0.00839115,0.011372,0,0.00876885,0.0189296
#[v_choice,61]
%1.7826e-05,0.0314589,0.0643455,0.0235595,0.19784,0.0951085,0.0493909,0.0454719,0.214424,0.0705203,0.0722793,0.00459416,0.00822946,0.0681185,0.00321971,0,0.0248931,0.0138331,0,0.0126948,1.80112e-17
#[v_choice,62]
%0.00445631,0.0222762,0.0480171,0.0471259,0.122517,0.0562421,0.0414354,0.115538,0.299554,0.0197358,0.0483571,0.0182941,0,0.115095,0,0.00854052,5.16636e-06,0.000279306,0.0178582,0.00917676,0.00549682
#[v_choice,63]
%0.0601868,0.00713891,0.161764,0.0447328,0.00013428,0.217101,0.0978287,0.190154,0.125917,0.0517889,0.0432529,2.48736e-24,9.78518e-42,0,0,0,0,0,0,0,0
#[v_choice,64]
%0,0.00191077,0.0218513,0.00390292,0.0423485,0.13002,0.108256,0.25277,0.0704031,0.162747,0.0317322,0.0096855,0.0957887,0.0146775,0.00992553,0.0189172,1.50698e-07,0.00779146,0,0.00807663,0.00919587
#[v_choice,65]
%0,0,0,0.0461469,2.26464e-05,0.0912926,0,0.534431,0.233249,0.0245153,0.03703,0,0.0333118,1.21472e-26,6.3075e-47,0,0,0,0,0,0
#[v_choice,66]
%0.00193695,0,0,0.0163564,0.00048964,0.0751407,0.249533,0.0891875,0.0741082,0.174035,0.0771083,0.0387923,0.119434,0.0173925,0.0140738,0.0161747,0,0.00541416,0.0143255,0,0.0164964
#[v_choice,67]
%0,0,0,0,0,0,0,0,0,0,0,0,0,0,0,0,0,0,0,0,0
#[v_choice,68]
%0,0,0,0,0,0,0.467239,0,0,0.532761,2.37349e-25,2.24882e-43,0,0,0,0,0,0,0,0,0
@j_5_del
$Dim[7,23]
#[j_choice,0]
%0.0028007,0,0.00019838,2.12103e-05,0.443667,0.0650038,0.0488721,0.000146581,0.32788,0.0132201,0.0350722,0.0103643,0.00806642,0.00107261,0.00884349,0.00670195,0.00130622,0.00129678,0.00324685,0.000419248,0.0130532,0.00584537,0.00290191
#[j_choice,1]
%0,0,0.0217815,0.084131,0.104949,0.179652,0.00014964,0.330262,0.0762314,0.0365834,0.0333656,0.011627,0.0137064,0.00541835,0.0104214,0.0119706,0.00228573,0.00452196,0.00185157,0,0.0512759,0.0145156,0.00529899
#[j_choice,2]
%0,0,0.0308289,0.110866,0.12037,0.190504,0.000124061,0.296417,0.0651904,0.02959,0.0256015,0.00955432,0.0100578,0.00447802,0.00826251,0.0107923,0.00206488,0.00415771,0.00155602,0,0.0582953,0.0173708,0.00391896
#[j_choice,3]
%0.00256856,0.00157843,0.0161857,0.0114859,0.241186,0.034721,0.277683,0.162884,0.13306,0.00958661,0.0317354,0.0101785,0.0141918,0.00796356,0.00780568,0.00230101,0.00053232,0.00297507,0.000466629,0,0.022427,0.00760017,0.000883131
#[j_choice,4]
%0.00596909,0,0.0210213,0.0139008,0.170811,0.214435,0.0873846,3.40664e-06,0.399166,0.0139028,0.044103,0,0.00079046,0.00321422,0.00623948,0,0.00452064,0,0.00697417,0,0.00387326,0,0.00369064
#[j_choice,5]
%0,0,0.0313656,0.0881428,0.209754,0.322229,0.0641647,0.0884814,0.0659185,0,0.0145716,0,0.012227,0.0110837,0.0199168,0,0.0151357,0,0,0.0115674,0.0157287,0,0.0297123
#[j_choice,6]
%0,0,0,0,0,0,0,0,1,0,0,0,0,0,0,0,0,0,0,0,0,0,0
@vj_ins
$Dim[41]
#
%0.0984613,0.127069,0.16777,0.146937,0.101955,0.0705592,0.0669411,0.0439638,0.0302614,0.0305865,0.0288591,0.015736,0.00975635,0.0122275,0.0106596,0.00786577,0.00731336,0.00371494,0.00222203,0.00518911,0.0012362,0.00206391,0.000866677,0.0012169,2.39058e-28,0.00068518,0.000729821,0.000589099,0.00125953,0.000285211,0.00116644,0.0010554,0.000179516,0.000321375,8.14366e-05,0.000214287,0,0,0,0,0
@vj_dinucl
$Dim[16]
#
%0.19861,0.339453,0.300807,0.16113,0.155497,0.39031,0.207463,0.24673,0.164407,0.184681,0.430668,0.220244,0.145709,0.317473,0.207789,0.329029
