@d_gene
$Dim[3]
#
%0.602818,0.155038,0.242143
@v_choice
$Dim[89]
#
%0.00131884,0.00376166,0.00315135,0.00416125,0.00343307,0.0128502,0.0108408,0.00160415,0.0248122,5.15002e-05,0.001739,0.0110025,0.00521814,0.00237392,0.0198093,0.0168576,0.00647862,0.00559159,0.0021886,0.0170135,0,0.0195189,0,0.00122712,5.27537e-05,0.00876381,0.00743906,0.00411124,0.00349789,0.059348,0.0191798,0.0181931,0.020593,0,0.0370474,0.0162227,0.0183369,0.0134736,0.0145506,0.0117449,0.0117465,0.0131631,0.00427305,0,0,0.0118788,0.0131495,0.0153838,0.0107587,0.0792361,0.000611781,0.000553542,0.00147711,0.00118321,0.0143678,0.011017,0.000651547,0.000967646,0.00669492,0.00984281,0.00820138,0.0178345,0.0601291,0.00369658,0.00364605,0.00190244,0.00148679,0.00190804,0,0.0294251,0.0249404,2.85336e-05,0.000139142,0.0254233,0,0.0258486,7.64999e-11,0.00793131,0.00586036,9.27514e-05,0.00359978,0.011007,1.04878e-06,0.0110754,0.00988782,0.00876243,0.00921154,0.000254255,0.0931907
@j_choice
$Dim[3,15]
#[d_gene,0]
%0.0992315,0.0674604,0.0230125,0.0632673,0.0914543,0.0127823,0.0238011,0.124374,0.0677212,0.0689606,0.0356665,0.088659,0.0234957,0.208921,0.00119235
#[d_gene,1]
%2.67401e-05,0.00106432,1.21374e-05,2.61852e-06,0.00134376,1.84371e-09,0.000666951,0.330204,0.0902758,0.200341,0.0275031,0.14912,0.00831034,0.191129,4.35797e-12
#[d_gene,2]
%1.30166e-07,2.12508e-10,1.86478e-11,7.56499e-06,3.54113e-08,4.26148e-10,1.915e-10,0.316625,0.12676,0.165837,0.0319404,0.101663,0.00590212,0.251264,2.78014e-10
@v_3_del
$Dim[89,21]
#[v_choice,0]
%0,0,0,0,0.000547958,0.298798,0,0.177349,0.16281,0.14829,0.0900556,0,0.0821748,0,0,0,0.0399741,0,0,0,0
#[v_choice,1]
%0,0.00338784,0,0.0169486,0.0409627,0.101208,0.0716066,0.0706541,0.0758374,0.0285793,0.178339,0.0591543,0.200652,0.032104,0.0624304,0.0425319,0.0156037,0,0,0,0
#[v_choice,2]
%0,0.00397662,0,0.01929,0.0467654,0.110265,0.0743282,0.0734769,0.0767083,0.0266707,0.186203,0.0556206,0.19494,0.023482,0.0580351,0.0394724,0.0107654,0,0,0,0
#[v_choice,3]
%0,0.00301153,0,0.0148141,0.00356411,0.00382571,0.026458,0.148244,0.0949634,0.0868224,0.0772471,0.422061,0.000103627,0.0236196,0.0952547,0,1.10733e-05,0,0,0,0
#[v_choice,4]
%0,0,0,0.00441465,0.0569014,0.0207196,0.196251,0,0.202778,0.091929,0.114398,0.12686,0.124847,0.017713,0.0431883,0,0,0,0,0,0
#[v_choice,5]
%0,0,0.0209368,0.022469,0.0462222,0.0109687,0.0760053,0.0805976,0.0978557,0.043595,0.184357,0.128484,0.0792407,0.0261061,0.106451,0.0409529,0.0125615,0.0139186,0,0.00395888,0.00531949
#[v_choice,6]
%0,0,0.0240244,0.0250196,0.0500666,0.0101046,0.0826365,0.0850473,0.0999789,0.0414864,0.196335,0.125562,0.0718042,0.0193195,0.105387,0.0348083,0.00776075,0.0115484,0,0.00377065,0.00534091
#[v_choice,7]
%0,0,0,0.102179,0.0608972,0,0.0348814,0.133143,0.100349,0.28412,0.108225,0,0.0991071,0.0323448,0.0447527,0,0,0,0,0,0
#[v_choice,8]
%0,0,0,0.02886,0.0119998,0.159563,0.147593,0.0765036,0.157045,0.268022,0.0572446,0.0410598,0.0225273,0.00160249,0.00211388,0.00959838,0.0028421,0.00191818,0,0.00519484,0.00631202
#[v_choice,9]
%0,0,0,0,0,0,1,0,0,0,0,0,0,0,0,0,0,0,0,0,0
#[v_choice,10]
%0,0,0,0.380632,0.0407793,0.322744,0.0664713,0,0.000535901,0.188306,0,0.00053106,0,0,0,0,0,0,0,0,0
#[v_choice,11]
%0,0.00572742,0.0166111,0.0185759,0.0124908,0.0719954,0.142996,0.0699488,0.130246,0.350923,0.0867134,0.0362649,0.0267436,0.000108425,0.0306558,0,0,0,0,0,0
#[v_choice,12]
%0,0,0.0081735,0,0.0345422,0.101393,0.0710574,0.0510516,0.283646,0.257339,0.0312318,0.0427799,0.0425765,0.0271411,0.0369,0.0121678,0,0,0,0,0
#[v_choice,13]
%0,0,0.0166162,0,0,0.203587,0.179506,0.184994,0.126772,0.187733,0.0126346,0.0207853,0,0,0.0432745,0,0.0240982,0,0,0,0
#[v_choice,14]
%0.000588073,0.00100454,8.43676e-06,0.00638185,0.00526737,0.0240046,0.0435149,0.146387,0.0796911,0.193682,0.23198,0.109087,0.0687095,0.0184898,0.0321463,0.0202964,0.00708432,0.0051785,0.0029525,0.00354526,4.76145e-21
#[v_choice,15]
%0.000647893,0.00110515,6.34332e-06,0.00700186,0.00566173,0.0266212,0.0481985,0.159431,0.0795317,0.201389,0.235473,0.0972104,0.059619,0.0136725,0.0300042,0.0188004,0.00537157,0.00423042,0.00264973,0.00337404,0
#[v_choice,16]
%0.00168584,0.00287563,1.65055e-05,0.0182191,0.0147318,0.0692653,0.0902951,0.375609,0.0520927,0.21068,0.111621,0.0502322,0.00147249,0.00120353,0,0,0,0,0,0,0
#[v_choice,17]
%0,0,0.0241712,0.0692812,0.00104339,0.0360774,0.19571,0.122424,0.108784,0.0429116,0.144742,0.0616204,0.040614,0.00231277,0.0548087,0,0.0282226,0.00980993,0,0.0339592,0.0235081
#[v_choice,18]
%0,0,0,0,0,0.0843221,0.00979111,0.0730138,0,0.832873,0,0,0,0,0,0,0,0,0,0,0
#[v_choice,19]
%0,0.000322185,0,0.136795,0.0934867,0.197612,0.082837,0.090114,0.198152,0.077325,0.0328302,0.0405966,0.0102994,0.010223,0.0294071,0,0,0,0,0,0
#[v_choice,20]
%0,0,0,0,0,0,0,0,0,0,0,0,0,0,0,0,0,0,0,0,0
#[v_choice,21]
%0,0.00858405,0.0172985,0.154219,0.0538229,0.169448,0.0818702,0.113368,0.0590773,0.14842,0.013744,0.0375786,0.0698975,0.0115744,0.0158376,0.0287681,0.00329874,0.00464288,0.00262468,0.00275336,0.00317269
#[v_choice,22]
%0,0,0,0,0,0,0,0,0,0,0,0,0,0,0,0,0,0,0,0,0
#[v_choice,23]
%0.0430997,0,0,0,2.35147e-08,0.097227,0.170091,0.122596,0.481976,0,0.0173495,0.0245951,0,0,0,0,0.0430655,0,0,0,0
#[v_choice,24]
%0,0,0,0,0,0,0,0,0,0,0,0,0,0,0,0,0,1,0,0,0
#[v_choice,25]
%0,0,0.0159141,0.0213615,0.0590013,0.0442069,0.156925,0.342177,0.0643131,0.0429157,0.104502,0.0692771,0.0242486,0.0217428,0.0213069,0,0,0,0,0,0.0121088
#[v_choice,26]
%0,0,0,0.00774048,0.0201239,0.0212157,0.0248797,0.133646,0.0506759,0.196206,0.0160852,0.226558,0.0421265,0.0814458,0.10344,0.0259461,0,0.0127994,0,0.026452,0.0106603
#[v_choice,27]
%0,0,0.00589405,0,0.0229928,0.0142802,0.0692444,0.108461,0.0915014,0.117031,0.191319,0.175693,0.0441221,0.0778549,0.0249538,0.0434424,0,0,0,0.0121484,0.00106074
#[v_choice,28]
%0,0,0.00632445,0,0.0247775,0.0146134,0.0761997,0.115442,0.0940398,0.119951,0.198555,0.173107,0.0357445,0.0732793,0.0192017,0.0341109,0,0,0,0.0135955,0.00105772
#[v_choice,29]
%0,0.00250773,0.0110339,0.0658082,0.0374895,0.0911457,0.0735242,0.196445,0.0707404,0.131999,0.204068,0.040738,0.0211847,0.0291603,0.00660411,0.0054873,0.00104288,0.00621045,0.00234375,0,0.0024675
#[v_choice,30]
%0,0,0.0197637,0.0536265,0.0275073,0.131652,0.122508,0.157222,0.132445,0.0574352,0.0802029,0.0667012,0.0585402,0.016838,0.0376813,0.0288882,0.00898882,0,0,0,0
#[v_choice,31]
%0.00195803,0.000467281,0,0.0258897,0.0488312,0.0706448,0.0626487,0.115568,0.208883,0.106337,0.0603598,0.0528998,0.064808,0.0676284,0.0594149,0.000405273,0.0470874,0.00269766,0.00331993,0.000150049,0
#[v_choice,32]
%0,0,0,0.0186576,0.0315273,0.129686,0.0535246,0.179702,0.146726,0.0890673,0.0613425,0.10175,0.0900225,0.0379574,0.024857,0.0175328,0.00236412,0,0.00731981,0,0.00796291
#[v_choice,33]
%0,0,0,0,0,0,0,0,0,0,0,0,0,0,0,0,0,0,0,0,0
#[v_choice,34]
%0.00117308,0,5.54503e-06,0.0108933,0.00125872,0.0576897,0.0697663,0.120459,0.0964127,0.25219,0.146919,0.0947293,0.0696383,0.0170686,0.0393242,0.0118586,0.00679868,0.00079069,0,0.0030235,0
#[v_choice,35]
%0,0,0,0.011727,0,0.0634056,0.0548408,0.122154,0.0961326,0.169327,0.18967,0.115793,0.0631311,0.0183584,0.0656201,0.0133841,0,0,0.00358586,0.0128708,0
#[v_choice,36]
%0,0.0025097,0.00789782,0.0301972,0.0107679,0.0312885,0.0599309,0.0689127,0.193705,0.0798865,0.165808,0.171026,0.105715,0.00522962,0.028816,0.00304971,0.0208796,0.0119433,0,0.00243756,0
#[v_choice,37]
%0,0.00332948,0.0105004,0.0384993,0.0125468,0.039059,0.0738971,0.0816347,0.161773,0.0807316,0.189505,0.19039,0.111913,0,0.00138211,2.16956e-05,0.000749828,0.0031544,0,0.000912923,0
#[v_choice,38]
%0,0,0.00410484,0.0951443,0.0801409,0.141304,0.0925694,0.128164,0.173349,0.141758,0.0502314,0.0307172,0.0161202,0.0108059,0.0149136,0.00451203,0.00155797,0.00046507,0,0.0141413,3.47643e-11
#[v_choice,39]
%0,0,0.00503805,0.111062,0.0887519,0.155431,0.0950869,0.133693,0.185866,0.115115,0.040566,0.0262222,0.0137827,0.0097942,0.0146298,0.00360328,0.0010557,0.000302485,0,0,0
#[v_choice,40]
%0,0,0.00503738,0.111047,0.0887565,0.15543,0.0950857,0.133684,0.185849,0.11513,0.0405748,0.0262288,0.0137938,0.00979327,0.0146283,0.00360279,0.00105585,0.000302445,0,0,0
#[v_choice,41]
%0,0,0.00449924,0.0997917,0.0797249,0.139301,0.0853972,0.120254,0.166958,0.115256,0.0368516,0.0348113,0.0463397,0.0226613,0.0257391,0.00887725,0.0105123,0.0030252,0,0,0
#[v_choice,42]
%0,0,0.0171052,0.108669,0,0.158571,0.101672,0.141356,0.243094,0.103689,0.0609986,0,0.0277778,0,0,0.00749909,0.0168593,0,0.0127092,2.24085e-19,0
#[v_choice,43]
%0,0,0,0,0,0,0,0,0,0,0,0,0,0,0,0,0,0,0,0,0
#[v_choice,44]
%0,0,0,0,0,0,0,0,0,0,0,0,0,0,0,0,0,0,0,0,0
#[v_choice,45]
%0,0,0.0192289,0.112318,0.11696,0.213293,0.0501493,0.107642,0.177449,0.0497291,0.0602112,0.0145459,0.0522826,0.0118181,0,0.00992436,0,0,0,0,0.00444901
#[v_choice,46]
%0.0144162,0.009761,0.00486415,0.147585,0.0722153,0.153475,0.0699039,0.161224,0.132981,0.120525,0.00557859,0.0351697,0.0437832,0.0078722,0.0101049,0,0,0,0.00684934,0.00189636,0.00179415
#[v_choice,47]
%0.000885396,0.000286286,0.00108759,0.11629,0.134406,0.160159,0.0607105,0.1138,0.17453,0.0965734,0.0486831,0.0227882,0.0329728,0.000281414,0.0215839,0.00954099,0,0.00266473,0,0.00142355,0.00133462
#[v_choice,48]
%0.00124624,0.000394764,0.00153163,0.156607,0.173637,0.196831,0.0673998,0.139158,0.146109,0.0872388,0.012949,0.00510013,0.00453743,0,0.00435447,3.62847e-05,0,0.000620958,0,0.000701174,0.00154639
#[v_choice,49]
%0,4.30496e-05,0.00872495,0,0.11244,0.146025,0.0897758,0.143409,0.274953,0.0612326,0.0469867,0.0551545,0.0256719,0.0192444,0.0063643,0.00169324,0.00231914,0.00417919,0,0.000976387,0.00080679
#[v_choice,50]
%0,0,0,0.0328,0.0912602,0.171902,0.0502362,0.114588,0.36021,0.0410707,0.0514681,0,0,0,0,0,0,0,0,0,0.086465
#[v_choice,51]
%0,0,0,0.0359495,0.0984798,0.171857,0.0428898,0.110897,0.369388,0.0318781,0.0435086,0,0,0,0,0,0,0,0,0,0.0951524
#[v_choice,52]
%0,0,0,0,0.115238,0.0826434,0.0231291,0.189472,0.334157,0.0712441,0.0751224,0,0,0,0,0.0109071,0.0253584,0,0,0.0727282,0
#[v_choice,53]
%0,0,0,0,0.139116,0.0947835,0.0239532,0.218686,0.351947,0.0585809,0.0697763,0,0,0,0,0.0130787,0.030079,0,0,0,0
#[v_choice,54]
%0,0,0.025474,0,0.0218284,0.22705,0.0875309,0.124213,0.357928,0.0568583,0.0306955,0.0305496,0.016652,0.00790773,0.00961825,0,0,0,0,0.00369414,0
#[v_choice,55]
%0,0.00171706,0,0.000862031,0.0413353,0.218374,0.0909594,0.221217,0.247853,0.0679229,0.0116848,0.0832559,0,0.0078858,0.00693325,5.47028e-16,0,0,0,0,0
#[v_choice,56]
%0,0.0285102,0,0,0.17471,0.0651014,0.274272,0.248399,0.0735785,0.135428,0,0,0,0,0,0,0,0,0,0,0
#[v_choice,57]
%0,0,0,0,0.198605,0.0871902,0.141986,0.0826171,0.360265,0.0734533,0.000601009,0,0,0,0.0552828,2.34868e-11,0,0,0,0,0
#[v_choice,58]
%0,0.00421276,0.00803859,0.0161922,0,0.0292265,0.101668,0.129955,0,0.0342433,0.312869,0.0515797,0.164063,0.00301447,0.0611926,0.0564079,0.0129525,3.01771e-05,0.00268418,0.01167,8.15024e-18
#[v_choice,59]
%0.00220414,0,0.0100208,0,0.0228396,0.022098,0.140334,0.138551,0.0832206,0.124308,0.204131,0.108718,0.0609191,0.0333603,0.0126831,0.0252404,0,0,0.00106196,0.0103098,7.58427e-23
#[v_choice,60]
%0.00258908,0,0.0111791,0,0.0254041,0.0248526,0.157786,0.147565,0.0804166,0.123504,0.214484,0.09459,0.0560605,0.0134836,0.0109561,0.0248676,0,0,0.00102949,0.0112319,0
#[v_choice,61]
%0.00457566,0,0.0277084,0.0141642,0.0616649,0.031653,0.169402,0.11779,0.0954653,0.0534032,0.114791,0.111811,0.0872627,0.036562,0.0423358,0.0190472,0,0.00567641,0.00296594,0.00372023,0
#[v_choice,62]
%0.000507812,0,0.0104456,0.0247406,0.050136,0.0292286,0.155976,0.132259,0.0689248,0.164431,0.142988,0.0922245,0.0484259,0.024161,0.0346108,0.0125889,0.000290694,0,1.1638e-05,0.00528496,0.00276426
#[v_choice,63]
%0.00816719,0,0.118511,0.0532237,0.036067,0.0220043,0.142284,0.0803534,0.0191667,0.15886,0.113002,0.119225,0.048597,0,0.0243142,0.0562239,3.9545e-15,0,0,0,0
#[v_choice,64]
%0.00828038,0,0.121796,0.0558772,0.0381867,0.0233939,0.145246,0.0813747,0.0192872,0.159677,0.109905,0.114944,0.0455104,0,0.0232468,0.0532745,0,0,0,0,0
#[v_choice,65]
%0,0,0,0.0254823,0,0.0128428,0.349292,0.021194,0.0576227,0.136944,0.143255,0.104317,0.063007,0,0.0539267,0.0321165,1.50165e-12,0,0,0,0
#[v_choice,66]
%0,0,0,0,0,0,0.133934,0.116035,0.133547,0.155016,0.1178,0.11659,0.109523,0.0816849,0,0.0358705,0,0,0,0,0
#[v_choice,67]
%0,0,0,0,0.0210173,0.00280205,0.0363724,0.213296,0.118194,0.0349115,0.118964,0.127155,0.221662,0.105626,4.06335e-18,0,0,0,0,0,0
#[v_choice,68]
%0,0,0,0,0,0,0,0,0,0,0,0,0,0,0,0,0,0,0,0,0
#[v_choice,69]
%0.000208843,0.000816583,0.00190901,0.0183889,0.00155083,0.157085,0.108909,0.0774539,0.14849,0.296509,0.0699369,0.0332271,0.0273727,0.0132486,0.0141089,0.0111377,0.00734944,0,0,0.00719971,0.00509814
#[v_choice,70]
%0.000246425,0.000963838,0.00224367,0.021629,0.0017903,0.180443,0.118733,0.0824965,0.160557,0.31419,0.0565642,0.0224145,0.00897265,0.00763274,0.0102401,0.00775067,0.00313292,0,0,0,0
#[v_choice,71]
%0,0,0,0,0,0,0,0,1,0,0,0,0,0,0,0,0,0,0,0,0
#[v_choice,72]
%0.0451382,0.188116,3.26585e-06,0,0,0,0,0.766743,0,0,0,0,0,0,0,0,0,0,0,0,0
#[v_choice,73]
%0,0,0.00717623,0.0150109,0.00228834,0.102451,0.194035,0.0109695,0.18406,0.302183,0.048739,0.0295926,0.051981,0.0252006,0.00611169,0.00543529,0,0.00523379,0.00217696,0.00491345,0.00244076
#[v_choice,74]
%0,0,0,0,0,0,0,0,0,0,0,0,0,0,0,0,0,0,0,0,0
#[v_choice,75]
%0,0,0.0103613,0.000877524,0.0332357,0.069295,0.140929,0.0540906,0.20517,0.298382,0.0574812,0.0425095,0.044087,0.00753445,0.0161851,0.00444573,0.00923923,0,0.00205801,0,0.00411858
#[v_choice,76]
%0,0.998169,0.0018314,0,0,0,0,0,0,0,0,0,0,0,0,0,0,0,0,0,0
#[v_choice,77]
%0,0.0128793,0,0.00633732,0.00211087,0.145301,0.057515,0.0614206,0.147571,0.40664,0.0913666,0.0233885,0.0227417,0.0158712,0,0.00685637,0,0,0,0,0
#[v_choice,78]
%0,0.000970259,0.0149555,0.0343915,0,0.133966,0.159745,0.015579,0.150559,0.33062,0.058534,0.0404841,0.0328461,0,0.00743904,0.00591732,0.0139927,0,0,0,0
#[v_choice,79]
%0,0,0,0,0,0,0,0,0,0,0,0,0,0,0,0.253566,0.456044,0,0,0,0.29039
#[v_choice,80]
%0,0,0,0.00639377,0.0369648,0.0412835,0.236724,0.040822,0.115451,0.359136,0.0577878,0.0360802,0.0352318,0.0158713,0,0,0.0110782,0,0,0,0.00717498
#[v_choice,81]
%0,0.00231406,0.00973018,0.0183877,0.000579195,0.185031,0.102862,0.0636315,0.179637,0.292414,0.0628785,0.0123861,0.0241608,0.0162486,0.00527364,0.000571467,0.0142399,0,0,0.00965422,0
#[v_choice,82]
%0,0,0.978265,0.0217347,5.40073e-09,2.19406e-14,0,0,0,0,0,0,0,0,0,0,0,0,0,0,0
#[v_choice,83]
%0,0.00122603,0.00153822,0.0139354,0.00606674,0.0936986,0.101492,0.0692641,0.13106,0.331637,0.07173,0.0531925,0.0514136,0.0255927,0.00702429,0.0121188,0.00544067,0.000619612,0.00593407,0.0134061,0.00360907
#[v_choice,84]
%0,0.00136765,0.00171204,0.0153675,0.00660657,0.101683,0.106135,0.0669958,0.137014,0.34222,0.0611425,0.0458043,0.0461697,0.0226165,0.00589549,0.0116913,0.0044916,0.000346792,0.00575924,0.0135586,0.00342248
#[v_choice,85]
%0,0.0015433,0.00193192,0.0173412,0.00745507,0.114742,0.119776,0.0756182,0.15469,0.386375,0.0536573,0.0371192,0.0025403,0.00722116,0.00375636,0.00809054,0.00302823,0.000313111,0.00477116,2.91738e-05,0
#[v_choice,86]
%0,0.00153383,0.00189511,0.0168267,0.00728803,0.112116,0.11984,0.0804315,0.153411,0.380189,0.057365,0.039512,0.0028268,0.00736795,0.00379749,0.00780878,0.00292442,0.00029993,0.00453858,2.77515e-05,0
#[v_choice,87]
%0,8.56922e-09,0,0,0,0,0,0,0.522776,0,0,0.253543,0,0,0.22368,0,0,0,0,0,0
#[v_choice,88]
%0.00187537,2.94203e-06,0.00365251,0,0.0707045,0.030703,0.0202064,0,0.785547,0.0158709,0.0269464,0.0298073,0.00337387,0.00438319,0.00325458,0.000575119,0.000764737,0,0.00164868,0.000683554,0
@d_5_del
$Dim[3,21]
#[d_gene,0]
%0.0608513,0.00989008,0.0633912,0.0590703,0.07766,0.121069,0.158411,0.0847073,0.126302,0.109357,0.06106,0.0333392,0.0177794,0.0112373,0.00368154,0.00218633,6.66339e-06,0,0,0,0
#[d_gene,1]
%0.00312468,0.0156903,0.0453272,0.02001,0.0520192,0.0810988,0.100773,0.0590369,0.135196,0.17375,0.0783107,0.0578111,0.0681884,0.0635861,0.0218804,0.00801718,0.0055275,0.00520933,0.00542785,6.55059e-06,7.91322e-06
#[d_gene,2]
%0.0018366,0.00849694,0.0614929,0.0167539,0.0654081,0.103733,0.132093,0.0543787,0.17104,0.125019,0.0566216,0.0593164,0.0204958,0.0691417,0.0266804,0.0189878,0.00425643,0.00231611,0.00179129,6.29154e-05,7.7658e-05
@d_3_del
$Dim[3,21,21]
#[d_gene,0],[d_5_del,0]
%0,0,2.5029e-09,0.0008282,1.65792e-05,0,0,0.000844254,0.00432864,0,0,0.0072714,0,1.7528e-05,0,0,0.000495325,0.0531297,0.242912,0.690139,1.71585e-05
#[d_gene,0],[d_5_del,1]
%0,0,2.57409e-05,0,0,0,0.00862458,0.0396632,0,0,0,0,0.00202819,0.0192725,0.0337166,0.00815574,0.604297,0.28413,4.3062e-09,8.71181e-05,0
#[d_gene,0],[d_5_del,2]
%0,0,0.00136497,7.11227e-05,0.0391017,0.00449018,0.0652881,0.271715,0.0561045,0.146863,0.0502997,0.1765,0.00743046,0.0849575,0.00992456,0.0365556,0.0493213,3.49939e-09,1.27973e-05,0,0
#[d_gene,0],[d_5_del,3]
%0,0,0.000521821,0.00147265,0.0313395,0.0200844,0.0209608,0.0119949,0.0028056,0.0466539,0.11682,0.0357091,0.0469369,0.259007,0.402017,0.0036626,1.90755e-12,1.4209e-05,0,0,0
#[d_gene,0],[d_5_del,4]
%0.00218608,0.00111957,8.77978e-06,0.0031872,0.0243679,0.000105821,0.0671872,0.1688,0.0522012,0.260989,0.0532855,0.221232,0.0892021,0.0515897,0.0045365,0,1.93978e-06,0,0,0,0
#[d_gene,0],[d_5_del,5]
%0,0.000604283,0.00142446,0.00250062,0.0540588,0.0142074,0.0770824,0.231563,0.0794619,0.202166,0.0512883,0.198777,0.0763914,0.0104451,2.89175e-05,3.89968e-09,0,0,0,0,0
#[d_gene,0],[d_5_del,6]
%0,2.92795e-05,0.00269698,0.0100883,0.0290003,0.00790847,0.0552566,0.275443,0.0802551,0.189233,0.0408379,0.157952,0.151102,0.00019705,9.79201e-10,0,0,0,0,0,0
#[d_gene,0],[d_5_del,7]
%0,2.43252e-06,0.00126466,0.00860969,0.0781026,0.00665683,0.0375501,0.447831,0.0707019,0.0892139,0.0243795,0.0560519,0.179636,0,0,0,0,0,0,0,0
#[d_gene,0],[d_5_del,8]
%0,0.00253157,0.00105411,4.34903e-05,0.0705312,0.0198393,0.141561,0.320556,0.0853068,0.317729,0.0343326,0.0065153,0,0,0,0,0,0,0,0,0
#[d_gene,0],[d_5_del,9]
%2.29854e-05,0,0.00700368,0.0155873,0.0379957,0.0156025,0.140142,0.27496,0.161352,0.168899,0.178434,0,0,0,0,0,0,0,0,0,0
#[d_gene,0],[d_5_del,10]
%0,0.0025188,0.0216155,0.0108955,0.199141,0.258933,0.359465,0.10606,0.0368941,0.00447685,0,0,0,0,0,0,0,0,0,0,0
#[d_gene,0],[d_5_del,11]
%0,0,0.0136255,0.0522136,0.0934402,0.620673,0.160328,0.0587924,0.000927489,8.93387e-15,0,0,0,0,0,0,0,0,0,0,0
#[d_gene,0],[d_5_del,12]
%0,0,0.000510817,0.0226105,0.603139,0.281611,0.09104,0.00108959,4.8804e-09,0,0,0,0,0,0,0,0,0,0,0,0
#[d_gene,0],[d_5_del,13]
%0,0,0,0.071478,0.801631,0.125832,0.00104885,1.02718e-05,0,0,0,0,0,0,0,0,0,0,0,0,0
#[d_gene,0],[d_5_del,14]
%0,0,0.423444,0.194201,0.379746,0.0025223,8.69035e-05,0,0,0,0,0,0,0,0,0,0,0,0,0,0
#[d_gene,0],[d_5_del,15]
%0,0,0,0.785324,0.213914,0.000761725,0,0,0,0,0,0,0,0,0,0,0,0,0,0,0
#[d_gene,0],[d_5_del,16]
%0,0,0,0,1,0,0,0,0,0,0,0,0,0,0,0,0,0,0,0,0
#[d_gene,0],[d_5_del,17]
%0,0,0,0,0,0,0,0,0,0,0,0,0,0,0,0,0,0,0,0,0
#[d_gene,0],[d_5_del,18]
%0,0,0,0,0,0,0,0,0,0,0,0,0,0,0,0,0,0,0,0,0
#[d_gene,0],[d_5_del,19]
%0,0,0,0,0,0,0,0,0,0,0,0,0,0,0,0,0,0,0,0,0
#[d_gene,0],[d_5_del,20]
%0,0,0,0,0,0,0,0,0,0,0,0,0,0,0,0,0,0,0,0,0
#[d_gene,1],[d_5_del,0]
%0,0,0.107877,0.0536375,0.00181743,0.495761,0.0399676,0,0.0225128,0,0,0,0,0,0,0,0,0,0,0,0.278427
#[d_gene,1],[d_5_del,1]
%0,0,0,0.0350079,3.89478e-05,0.00903036,0,0,0,0,0,0.0131775,5.32181e-06,0.0322278,0.0445612,0.00024404,0,0,0.000288539,0.00157301,0.863845
#[d_gene,1],[d_5_del,2]
%0,0,0.0355035,0,1.48307e-05,0.000385766,0.0637834,0.0906194,0.0584816,0.073422,0.0882366,0.0610472,0.0544095,0.0110464,0.0305567,0.219531,0.00139753,0.048666,4.92768e-05,0.0196245,0.143225
#[d_gene,1],[d_5_del,3]
%0,0,0,0.0973238,0.000393848,0.0531556,0.00142548,0.00925982,0.108144,0.0443656,0.0750287,0.0346433,0.063643,0.059853,0.0847937,0.038112,0.00200792,0.106008,0.221832,1.07783e-05,0
#[d_gene,1],[d_5_del,4]
%0,0,0.0231248,0.0286758,0.0269838,0.130068,0.024934,0.0297967,0.0406369,0.118646,0.0827305,0.0646044,0.100005,0.0290484,0.131095,0.148947,0.0200627,7.6659e-10,0,0,0.000640566
#[d_gene,1],[d_5_del,5]
%1.06682e-05,0,2.74185e-05,0.0387094,0.00317264,0.013599,0.206396,0.127496,0.0382061,0.136268,0.0286356,0.0972395,0.0313257,0.0527879,0.0281138,0.185261,0.0123961,0,0,0.000354391,0
#[d_gene,1],[d_5_del,6]
%0.00322501,0,0.0527903,0.0118438,8.29426e-05,0.0296298,0.199334,0.0618503,0.0965093,0.153029,0.0405534,0.0765493,0.0928859,0.0598694,0.0605964,0.055338,0.00569637,0,0.000217349,0,0
#[d_gene,1],[d_5_del,7]
%0.00515838,0,0.0217975,0.072869,0.00673488,0.127502,0.182953,0.196797,0.022605,0.0575947,0.0862847,0.00892577,0.145301,0.00642114,0.013113,0.0326986,0.013052,0.000192965,0,0,0
#[d_gene,1],[d_5_del,8]
%0,0,0.0133344,0.0459075,0.0025193,0.172503,0.205498,0.0971434,0.0647634,0.0968362,0.0438297,0.0813617,0.0806972,0.0472931,0.0482683,1.30756e-07,4.43751e-05,0,0,0,0
#[d_gene,1],[d_5_del,9]
%0,0,0.0211834,0.0275292,0.00488525,0.0543248,0.11118,0.077001,0.0531711,0.0906395,0.0393348,0.00719384,0.169359,0.0827236,0.261452,2.1975e-05,0,0,0,0,0
#[d_gene,1],[d_5_del,10]
%0,0.0144833,0.0148607,0.0766876,0.00271401,0.114318,0.212524,0.248749,0.0301813,0.159467,0.0523672,0.0472175,0.0174313,0.00896961,2.9423e-05,0,0,0,0,0,0
#[d_gene,1],[d_5_del,11]
%0,0.00161522,0.0321407,0.0751593,0.0968973,0.167293,0.327494,0.135761,0.065589,0.0657618,0.0313075,0.000952585,0,2.8329e-05,0,0,0,0,0,0,0
#[d_gene,1],[d_5_del,12]
%0,0.00205013,0,0.000128097,0.0501752,0.0618989,0.0733512,0.614662,0.0589865,0.132975,0.0057568,3.36865e-06,1.33279e-05,0,0,0,0,0,0,0,0
#[d_gene,1],[d_5_del,13]
%0,0,0.0765477,0.098493,0.673367,0.037057,0.0240862,0.0902679,0.000163849,0,0,1.71653e-05,0,0,0,0,0,0,0,0,0
#[d_gene,1],[d_5_del,14]
%0.0249659,0.0250388,0.010814,0.541713,0.096836,0.0598429,0.240652,0.000109524,0,0,2.83339e-05,0,0,0,0,0,0,0,0,0,0
#[d_gene,1],[d_5_del,15]
%0.00422738,0.0183743,0.0928455,0.13187,0.14212,0.610385,7.88449e-05,0,0,9.85892e-05,0,0,0,0,0,0,0,0,0,0,0
#[d_gene,1],[d_5_del,16]
%0.0257474,0.0797041,0.0418998,0.0310741,0.820973,3.07856e-05,0,0,0.000570408,0,0,0,0,0,0,0,0,0,0,0,0
#[d_gene,1],[d_5_del,17]
%0,0.494509,0.0387779,0.465883,3.39844e-06,0,0,0.000827092,0,0,0,0,0,0,0,0,0,0,0,0,0
#[d_gene,1],[d_5_del,18]
%0,0,0.693817,0.305186,0,0,0.000996766,0,0,0,0,0,0,0,0,0,0,0,0,0,0
#[d_gene,1],[d_5_del,19]
%0,0,0,0.000395976,0,0.999604,0,0,0,0,0,0,0,0,0,0,0,0,0,0,0
#[d_gene,1],[d_5_del,20]
%0,0,0,0,1,0,0,0,0,0,0,0,0,0,0,0,0,0,0,0,0
#[d_gene,2],[d_5_del,0]
%0,0,0.182597,0,0,0,0,0.0350594,0.127024,0,0,0,0,0,0,0,0,0,0,0,0.655319
#[d_gene,2],[d_5_del,1]
%0,0,0.0187435,0,0,0.00550424,0.00216334,0,0,0,0,0.0567721,0,0.0280544,0.0667958,0.000408951,0,0,0.000123126,0.000150746,0.821284
#[d_gene,2],[d_5_del,2]
%0,0.00265467,7.26681e-06,0.00757656,0.0131083,0.00248296,0.148859,0.11897,0.037546,0.121065,0.064102,0.102332,0.102628,0.045341,0.0253322,0.120046,0.00045841,0.0207545,1.86808e-06,0.0057297,0.061005
#[d_gene,2],[d_5_del,3]
%0,0,0.0203517,0,0,0.0529104,0.20074,0.0294228,0.133467,0.0423245,0.0974784,0.0456326,0.0570328,0.0589196,0.055807,0.026283,0.000284802,0.0667931,0.112552,1.90568e-07,0
#[d_gene,2],[d_5_del,4]
%0,0.000104929,0.0226828,0,0,0.000847549,0.246356,0.190669,0.0475087,0.0969358,0.0846599,0.0783707,0.0690286,0.0137379,0.0759952,0.0592896,0.00870843,0,0,0,0.00510478
#[d_gene,2],[d_5_del,5]
%0.00577466,0.00264751,0.0378861,0.000677436,0.0261254,0.0270144,0.215121,0.17193,0.0520133,0.1535,0.0386622,0.102843,0.0508926,0.0173854,0.0124848,0.0797436,0.00171653,0,0,0.00358157,0
#[d_gene,2],[d_5_del,6]
%2.89333e-05,0,0.0469132,0.00480359,1.01489e-05,0.0364559,0.240404,0.119863,0.0948152,0.165541,0.0408277,0.103277,0.082362,0.017473,0.0259783,0.0185899,0.000499858,0,0.00215728,0,0
#[d_gene,2],[d_5_del,7]
%0,0.00105383,0.0329161,0.016925,6.88542e-05,0.0240756,0.308409,0.185471,0.0812376,0.143228,0.116382,0.0132309,0.0501046,0.00194358,0.00707489,0.0131204,0.0015131,0.00324582,0,0,0
#[d_gene,2],[d_5_del,8]
%0.00434741,0,0.0191887,0.0141697,0.00224898,0.0420316,0.303938,0.125241,0.109771,0.131361,0.0756113,0.104746,0.0357163,0.0138594,0.0170722,4.34244e-08,0.000697714,0,0,0,0
#[d_gene,2],[d_5_del,9]
%0,0.00100505,0.0480606,0.00858898,0,0.0468145,0.263119,0.112996,0.0570912,0.089728,0.0375303,0.00792314,0.117875,0.0488365,0.159671,0.000760449,0,0,0,0,0
#[d_gene,2],[d_5_del,10]
%0,3.87328e-05,0.11392,0.0205049,0.0287244,0.00901709,0.47594,0.078958,0.0182269,0.181276,0.0445515,0.0225816,0.00443585,0.00107338,0.000751353,0,0,0,0,0,0
#[d_gene,2],[d_5_del,11]
%0,0,0.052051,0.0126336,0,0.124118,0.443977,0.294811,0.0292762,0.0307327,0.0118804,1.29794e-05,0,0.000507323,0,0,0,0,0,0,0
#[d_gene,2],[d_5_del,12]
%0.0203043,0,0.128794,0.190726,0.0548838,0.176055,0.125528,0.0118238,0.102828,0.186443,0.00186149,6.22416e-08,0.000752943,0,0,0,0,0,0,0,0
#[d_gene,2],[d_5_del,13]
%0,0.000156121,0.0515664,0.000159763,0.00120508,0.000576159,0.927142,0.0189097,4.77508e-06,0,0,0.00027978,0,0,0,0,0,0,0,0,0
#[d_gene,2],[d_5_del,14]
%0,0,0.00450461,0,0.408445,0.00176163,0.56604,0.0185757,0,0,0.000673689,0,0,0,0,0,0,0,0,0,0
#[d_gene,2],[d_5_del,15]
%0,0.00309937,0.0968571,0,0.41777,0.30413,0.168478,0.00847208,0,0.00119285,0,0,0,0,0,0,0,0,0,0,0
#[d_gene,2],[d_5_del,16]
%0.0140089,8.08381e-08,0.00155992,0.00274855,0.716887,0.13442,0.0901236,0.0333682,0.00688399,0,0,0,0,0,0,0,0,0,0,0,0
#[d_gene,2],[d_5_del,17]
%0,0.296278,0.0313569,0.653123,2.02208e-07,0,0,0.0192415,0,0,0,0,0,0,0,0,0,0,0,0,0
#[d_gene,2],[d_5_del,18]
%0,0,0.691716,0.282233,0,0,0.0260511,0,0,0,0,0,0,0,0,0,0,0,0,0,0
#[d_gene,2],[d_5_del,19]
%0,0,0,0,0,1,0,0,0,0,0,0,0,0,0,0,0,0,0,0,0
#[d_gene,2],[d_5_del,20]
%0,0,0,0,1,0,0,0,0,0,0,0,0,0,0,0,0,0,0,0,0
@j_5_del
$Dim[15,23]
#[j_choice,0]
%0.00120298,0.00222201,0.0194725,0.0872367,0.0553108,0.205244,0.0766319,0.10672,0.124279,0.0867496,0.0692722,0.0577498,0.0259208,0.0132357,0.0245914,0.0219338,0,0.00742501,0.00771938,0.000503369,0.00458019,0,0.00199911
#[j_choice,1]
%0,0.000218073,0.00656038,0.0135257,0.0370614,0.0423215,0.0758598,0.101962,0.218929,0.116677,0.083989,0.0880854,0.151339,0.0215379,0.00784926,0.00861403,0.000718427,0.00411551,0.00314471,0,0.00882763,0.00771124,0.000953584
#[j_choice,2]
%0.00159603,0.0114864,0.0274013,0.000631789,0.310547,0.0564335,0.12183,0.109181,0.0705107,0.110654,0.0281404,0.0159885,0.0292515,0.00606349,0.0133609,0.0146073,0,0.000919615,0,0.052189,0.00366483,0,0.0155434
#[j_choice,3]
%0,0.000287324,0.0193548,0.0272552,0.0629841,0.000138112,0.0422292,0.0341447,0.0673589,0.0425764,0.0540294,0.0729588,0.0683705,0.123903,0.0174253,0.00931687,0,0.00194181,0.00659002,0,0,0.339905,0.00923023
#[j_choice,4]
%0.000925555,0,0.0541468,0.061334,0.0490962,0.0808821,0.117115,0.0821666,0.1228,0.125657,0.0955278,0.0990773,0.0372946,0.0140931,0.0172293,0.0169034,0.00347145,0.008098,0.000924517,0.0009681,0.00146911,2.94252e-06,0.010817
#[j_choice,5]
%0,0.0176605,0.0333253,0,0.0550433,0.0328652,0.00828096,0.0321853,0.0611362,0.0987906,0.0373409,0.187101,0.0787196,0.1571,0.0985606,8.19834e-06,0.0142,0.025491,0.036474,0,0,0.00157909,0.0241384
#[j_choice,6]
%0,0.0154494,0.0528781,0,0.0480852,0.0287961,0.0318721,0.0376888,0.0832321,0.0654175,0.0862672,0.152988,0.11843,0.0400013,0.109256,0.0390863,0.00456632,0.0325744,0.0126954,0.0107414,0.00807592,0,0.0218988
#[j_choice,7]
%0,0.00748493,0.0453911,0.00197511,0.0540583,0.0347536,0.0640687,0.0835131,0.123731,0.120203,0.101606,0.0865498,0.1101,0.0667587,0.040519,0.00362164,0.0113937,0.00332767,0.00824738,0.0151946,0.00547898,0.00613519,0.00588878
#[j_choice,8]
%0,0.000168782,0.0125497,0.000823769,0.0630446,0.0826844,0.0722094,0.101241,0.132581,0.0712151,0.093736,0.0795541,0.0208011,0.00664151,0.00981488,0.0024457,0.00318524,0.00138052,0,0,0,0.245818,0.000105478
#[j_choice,9]
%0.00167251,0,0.0460798,0.0316277,0.0657243,0.0890009,0.263649,0.0740241,0.149831,0.0967797,0.0924104,0.0347941,0.0162351,0.00801269,0.0048774,0.0058777,0.00158186,0.00192889,0.00560695,0.0033805,0.00102159,0.00368796,0.00219585
#[j_choice,10]
%0,0,0.082614,0.128087,0.0733064,0.128595,0.0714025,0.110649,0.122984,0.049551,0.0468473,0.0369292,0.0685329,0.0348529,0.0141563,0.00653518,0.00389451,9.87821e-07,0.00487033,0.00363379,0.00123447,0.00144886,0.00987396
#[j_choice,11]
%0,0,0.0250554,0.00684868,0.00497592,0.0913911,0.226186,0.117015,0.154173,0.234797,0.0787016,0.0250838,0.00262205,0.0127172,0.00507552,0,0.00040501,0.00562547,0.00121656,0.00494102,0.00149068,0,0.00167961
#[j_choice,12]
%0.00575681,0.000698602,0.0313206,0.000256547,0.401205,0.121882,0.190763,0.0514441,0.126853,0.0363858,0.00545137,0.00864294,0.0065351,0.00339021,0,0.00257499,0.003225,0.00361456,0,0,0,0,0
#[j_choice,13]
%0,0.00542658,0.0314009,0,0.0901657,0.0502327,0.166099,0.246347,0.140008,0.0874609,0.0869998,0.057994,0.00648562,0.0102608,0.00241584,0.00558268,0.0028387,0.0015455,0.00468678,0.000713611,0.00247628,0.000776114,8.37394e-05
#[j_choice,14]
%0,0,0,0,0,0,0,0,0,0,0,0,0,0,0,0,0,0,0,0.0395696,0,0.388424,0.572006
@vd_ins
$Dim[31]
#
%0.037958,0.043629,0.0975912,0.121598,0.143586,0.101825,0.0794538,0.081531,0.0648394,0.0537333,0.0471384,0.0331954,0.0268097,0.0178519,0.0179164,0.00757023,0.00623636,0.00583227,0.00402479,0.0023253,0.00111951,0.00114363,0.00205606,0.000336048,0.00032011,0.000130924,8.73043e-05,0,0.000161301,0,0
@vd_dinucl
$Dim[16]
#
%0.327581,0.23995,0.258737,0.173732,0.185724,0.430653,0.19867,0.184953,0.244257,0.194438,0.375377,0.185928,0.218278,0.310975,0.199757,0.270991
@dj_ins
$Dim[31]
#
%0.0577381,0.044683,0.101359,0.119332,0.150851,0.106881,0.100115,0.066107,0.0528958,0.0405909,0.0357035,0.0296454,0.0203788,0.0165741,0.0151298,0.0121063,0.0105008,0.00594213,0.0049631,0.00330008,0.000954709,0.000862343,0.00161213,0.000945047,0.000722587,0,0,0,0.000107027,0,0
@dj_dinucl
$Dim[16]
#
%0.306703,0.155332,0.338296,0.199669,0.242171,0.312282,0.213667,0.23188,0.224977,0.170729,0.429916,0.174378,0.195185,0.247522,0.261487,0.295805
