@v_choice
$Dim[89]
#
%0.00235344,0.00557339,0.00557262,0.00779275,0.0019357,0.00464528,0.00464464,0.00412762,0.00852068,1.8896e-09,0.00495968,0.0155003,0.000583795,0.006967,0.00530455,0.00530387,0.00510868,0.0051311,0.00406232,0.0124073,6.44028e-09,0.0022831,0,0.000329776,2.35372e-05,0.03554,0.0695706,0.0110399,0.0110384,0.0895825,0.0508518,0.00996782,0.0022262,0,0.00553607,0.0097851,0.00597885,0.00597803,0.00113948,0.00113934,0.00113934,0.00113936,0.0216283,0.00302243,0.00302233,0.00756277,0.0062267,0.0044102,0.00440991,0.0684669,0.0122462,0.0122445,0.00591843,0.00591779,0.00957657,0.0214925,0.000452473,0.00144467,0.031098,0.0163654,0.0163634,0.0282747,0.0404747,0.0109465,0.0109467,0.00644462,0.00316556,1.18907e-18,7.75807e-05,0.018479,0.0184779,0,0.00113694,0.0626043,0,0,2.44506e-14,0.0151021,0.024156,0.00780089,0.0112272,0.00367955,4.3064e-06,0.0131932,0.0131925,0.0131925,0.0131929,8.37134e-05,0.00749353
@j_choice
$Dim[15]
#
%0.111404,0.104079,0.0293356,0.0491307,0.114063,0.0306823,0.0308089,0.11993,0.0491052,0.0837056,0.0167797,0.0833194,0.0135456,0.0821905,0.0819212
@d_gene
$Dim[15,3]
#[j_choice,0]
%0.674474,0.0684732,0.257053
#[j_choice,1]
%0.713101,0.0615724,0.225326
#[j_choice,2]
%0.658488,0.0572604,0.284252
#[j_choice,3]
%0.673956,0.0850964,0.240947
#[j_choice,4]
%0.691599,0.0599769,0.248424
#[j_choice,5]
%0.710518,0.0671294,0.222352
#[j_choice,6]
%0.708296,0.0665852,0.225119
#[j_choice,7]
%0.387675,0.515076,0.0972483
#[j_choice,8]
%0.492242,0.352184,0.155574
#[j_choice,9]
%0.317686,0.584916,0.0973982
#[j_choice,10]
%0.505537,0.282904,0.211559
#[j_choice,11]
%0.411931,0.44886,0.139209
#[j_choice,12]
%0.63507,0.13311,0.23182
#[j_choice,13]
%0.596783,0.24315,0.160067
#[j_choice,14]
%0.59668,0.244304,0.159016
@v_3_del
$Dim[89,21]
#[v_choice,0]
%0,7.00642e-07,0.00704578,0.120976,0.0085212,0.193355,0.0496171,0.161583,0.0557702,0.192282,0.0476736,0.045738,0.0627128,0.0138748,0.0408491,9.58395e-20,3.33279e-26,1.50752e-37,0,0,0
#[v_choice,1]
%0.00415011,5.01132e-11,0.0212092,0.0189181,0.0365811,0.0384437,0.0669738,0.107629,0.0808441,0.0448703,0.159834,0.180012,0.106599,0.0427416,0.0467305,0.0444636,1.75562e-10,2.88824e-29,1.45995e-45,0,0
#[v_choice,2]
%0.0041505,2.81261e-11,0.0212101,0.0189186,0.0365831,0.038445,0.0669775,0.107636,0.0808451,0.0448686,0.159839,0.180015,0.106596,0.0427356,0.0467233,0.0444574,1.86519e-20,0,0,0,0
#[v_choice,3]
%0.00296803,1.98406e-11,0.0151674,0.0135287,0.0261605,0.027504,0.0999095,0.152667,0.0711562,0.0601111,0.151731,0.109309,0.112035,0.0445368,0.0632663,0.0499486,2.64475e-14,0,0,0,0
#[v_choice,4]
%0,0,0,0.031918,0.0506229,0.0117161,0.166572,0.0770278,0.0707037,0.047242,0.140331,0.0804694,0.102785,0.0836019,0.0882148,0.0377224,0.0110727,2.09023e-26,6.06149e-46,0,0
#[v_choice,5]
%0,0,0.016659,0.0272805,0.0293013,0.0294455,0.0716981,0.102719,0.145173,0.0258513,0.131357,0.182428,0.0832349,0.0341103,0.0814876,0.0392545,1.8557e-12,0,2.22177e-17,0,0
#[v_choice,6]
%0,0,0.0166603,0.0272819,0.0293024,0.0294456,0.0717013,0.102723,0.145179,0.025849,0.13136,0.182434,0.0832305,0.0341041,0.0814811,0.039248,2.17074e-20,0,7.77047e-25,0,0
#[v_choice,7]
%0.00156062,0.00103886,0.00410154,0.038217,2.68322e-05,0.138871,0.108453,0.0124344,0.265067,0.299076,0.0355077,0.0454443,0.0090353,1.08835e-09,0.0020267,0.039139,5.01645e-07,1.24438e-23,9.00333e-36,0,0
#[v_choice,8]
%4.50737e-11,1.82986e-09,0.000476032,0.0328179,0.0410795,0.0769726,0.178922,0.0710439,0.121212,0.298185,0.0342169,0.0795008,0.0324449,0.0166973,0.00687107,0.00816335,3.362e-11,0,0.00139701,3.36005e-32,0
#[v_choice,9]
%0,0,0.0515479,0.948452,0,0,0,0,0,0,0,0,0,0,0,0,0,0,0,0,0
#[v_choice,10]
%5.60307e-11,2.99346e-09,0.000817611,0.0563575,0.0705603,0.100975,0.205363,0.0718437,0.123511,0.303879,0.0264556,0.0133181,0.0166922,0.000304421,0.000932065,0.0067296,0,0,0.00226108,0,0
#[v_choice,11]
%8.11499e-12,0.00156022,0.00198942,0.0514261,0.0104432,0.126712,0.0752395,0.0922983,0.202707,0.240443,0.0803756,0.037742,0.0403283,0.0108352,0.0155296,0.01237,3.13893e-12,2.16714e-32,5.03009e-47,0,0
#[v_choice,12]
%0,0,0.0385312,0,0.000332649,0.307506,0.0535091,0.147044,0.12902,0.234674,0.0473997,0,0.0419822,1.13589e-36,0,0,0,0,0,0,0
#[v_choice,13]
%0,1.82848e-07,0.0581498,0.119794,0.0480041,0.334231,0.401614,0.0100792,0.00672242,0.00788915,0,0,0,0.00330214,0,0,0.0102134,1.01285e-25,9.06142e-51,0,0
#[v_choice,14]
%0,0,0.002317,0.000120663,0,0.032146,0.0846826,0.122284,0.0922914,0.172226,0.234094,0.133062,0.0690883,0.0383654,0.0136071,0.00571584,1.78322e-11,8.08123e-12,2.69671e-39,0,0
#[v_choice,15]
%0,0,0.00231723,0.000120626,0,0.0321481,0.084688,0.122291,0.0922935,0.172232,0.234101,0.133058,0.0690807,0.0383568,0.0136008,0.00571202,2.7061e-24,8.33449e-19,0,0,0
#[v_choice,16]
%0,0,0.00240577,0.000125235,0,0.0333765,0.0879238,0.126963,0.0958197,0.178813,0.243045,0.138093,0.0406305,0.033817,0.0131834,0.00580371,3.37565e-27,3.0195e-20,0,0,0
#[v_choice,17]
%0.00504199,2.18788e-10,0.0292367,0.083227,0.0392097,0.0328765,0.216501,0.0620242,0.0430321,0.208112,0.0934565,0.118761,0.0154767,0.041814,0.00564142,0.00558994,1.07888e-17,2.71583e-34,0,0,0
#[v_choice,18]
%0,0.00996729,0.00154928,2.72432e-09,0.0219904,0.0809853,0.0972754,0.0334236,0.190401,0.379698,0.0538909,0.0395737,0.0664896,0.000535478,0.0242209,2.34216e-25,4.51467e-36,0,0,0,0
#[v_choice,19]
%0.0015463,0.000840155,2.56027e-06,0.0951835,0.101854,0.196863,0.0769779,0.105611,0.178983,0.11117,0.0489122,0.0217526,0.0259778,0.00861229,0.0161317,0.00958165,1.6013e-09,1.72826e-27,4.80389e-41,0,0
#[v_choice,20]
%0,0,5.03622e-12,1.20859e-10,2.97828e-13,1.69287e-06,0.000265493,8.17441e-06,9.74955e-05,0,0,0.969682,0.0299453,1.91746e-12,2.51024e-25,0,0,0,0,0,0
#[v_choice,21]
%0,0.00576973,0.0106668,0.141932,0.0043851,0.260851,0.0131624,0.14844,0.0884753,0.132097,0.0866537,0.0106749,0.0106986,0.0282478,0.0182513,0.0396944,1.27338e-08,5.24974e-46,0,0,0
#[v_choice,22]
%0,0,0,0,0,0,0,0,0,0,0,0,0,0,0,0,0,0,0,0,0
#[v_choice,23]
%0,0,0,0.0119751,0.0795328,0.398526,0,0.108303,0.281724,0.119938,7.92575e-18,1.19353e-30,0,0,0,0,0,0,0,0,0
#[v_choice,24]
%0,0,0,0,0,0,0,0,0,0,1,2.19003e-14,4.22398e-31,0,0,0,0,0,0,0,0
#[v_choice,25]
%0.000397245,0.001739,0.000406618,0.0423782,0.0188822,0.0720774,0.168373,0.241517,0.149972,0.0853368,0.130731,0.0187407,0.0480473,0.00637044,0.00751232,0.00685821,1.84526e-11,0,0.000660817,3.38838e-16,5.41587e-30
#[v_choice,26]
%8.5685e-06,0.000636151,0.00550273,0.00904273,0.00885555,0.0564487,0.0128744,0.166606,0.0782706,0.177627,0.0765034,0.14317,0.0556737,0.095462,0.0641226,0.0491572,9.44658e-11,0,3.8624e-05,3.36769e-19,1.33944e-35
#[v_choice,27]
%0.00670511,0.00150047,0.00328185,0.012257,0.0153439,0.0288739,0.0711107,0.0987201,0.112877,0.100317,0.209254,0.138097,0.084605,0.0541525,0.0255742,0.0373308,6.16492e-08,8.56563e-31,8.9343e-50,0,0
#[v_choice,28]
%0.00670536,0.00150012,0.00328156,0.0122571,0.0153441,0.0288748,0.071115,0.098726,0.112881,0.100319,0.209262,0.138096,0.0845995,0.0541456,0.0255674,0.0373247,4.84767e-08,0,0,0,0
#[v_choice,29]
%5.76621e-07,0.00119187,0.0193753,0.0761363,0.0338744,0.105227,0.0729043,0.194042,0.0659143,0.155965,0.191748,0.0492932,0.0342597,0,6.87481e-05,1.17103e-18,6.38456e-38,0,0,0,0
#[v_choice,30]
%0.00142045,0.00174703,0.00131092,0.0667539,0.0822896,0.0833407,0.102624,0.162322,0.157688,0.0399323,0.0776323,0.079846,0.0769451,0.0214259,0.0267013,0.0180202,1.43046e-11,5.17271e-31,5.88242e-28,5.04375e-44,0
#[v_choice,31]
%9.21601e-05,0.0012457,0.0199326,0.00764607,0.0403987,0.0573141,0.0631009,0.107009,0.192211,0.0918321,0.0674381,0.0519799,0.0809331,0.112658,0.0494611,0.00731277,0.0494344,5.91073e-12,1.12452e-32,5.10001e-51,0
#[v_choice,32]
%0,0.00898069,0.00489147,0.0167216,0.0467063,0.172213,0.0808392,0.000801523,0.141874,0.0874291,0.0991344,0.128798,0.130268,0.0308762,0.0384688,0.0119988,1.45691e-09,8.29915e-29,0,0,0
#[v_choice,33]
%0,0,0,0,0,0,0,0,0,0,0,0,0,0,0,0,0,0,0,0,0
#[v_choice,34]
%0,0,0,0.00757182,0.000629573,0.0744115,0.0830313,0.083687,0.113775,0.168882,0.1619,0.104369,0.0766312,0.0346506,0.0503541,0.0401081,3.18611e-09,2.51285e-20,7.35981e-37,1.677e-48,0
#[v_choice,35]
%0,0,0.000855944,0.00713867,0.00138269,0.0319186,0.0764153,0.154244,0.0930983,0.177012,0.159976,0.12496,0.057403,0.0442374,0.0269973,0.0443605,3.05579e-11,1.29081e-31,2.37757e-49,0,0
#[v_choice,36]
%0.00112716,0.00152624,0.00311268,0.03335,0.0230911,0.0584719,0.0474694,0.0782387,0.189061,0.115449,0.129178,0.184937,0.134988,5.68366e-20,2.79779e-21,9.7378e-33,2.85038e-47,0,0,0,0
#[v_choice,37]
%0.00112715,0.00152622,0.00311258,0.0333521,0.0230916,0.0584738,0.0474696,0.0782399,0.189069,0.115449,0.129174,0.184935,0.134981,0,0,0,0,0,0,0,0
#[v_choice,38]
%0.00819433,6.06411e-09,0,0.0987148,0.0391384,0.172309,0.0759916,0.126979,0.229042,0.0800959,0.0415464,0.0431665,0.026334,0.0275359,0.0190988,0.0118525,4.1884e-12,6.17241e-42,0,0,0
#[v_choice,39]
%0.00819494,4.83543e-09,0,0.0987225,0.0391396,0.172321,0.0759915,0.126981,0.229053,0.0800906,0.0415402,0.0431601,0.0263288,0.027532,0.0190951,0.0118495,9.94866e-33,0,0,0,0
#[v_choice,40]
%0.00819494,4.83543e-09,0,0.0987225,0.0391396,0.172321,0.0759915,0.126981,0.229053,0.0800906,0.0415402,0.0431601,0.0263287,0.027532,0.0190951,0.0118495,0,0,0,0,0
#[v_choice,41]
%0.00819482,4.83538e-09,0,0.0987217,0.03914,0.172321,0.0759921,0.126981,0.229052,0.0800912,0.0415408,0.0431604,0.0263289,0.027532,0.0190951,0.0118495,1.06995e-20,0,0,0,0
#[v_choice,42]
%0,0.00376364,0.0407594,0.0907437,0.0487706,0.108951,0.170234,0.151491,0.14472,0.0879047,0.0634058,0.0443588,0.0448969,2.16981e-10,4.80857e-28,9.522e-44,0,0,0,0,0
#[v_choice,43]
%0,0.00394075,0.0411746,0.0420081,0.0843726,0.0257455,0.20032,0.0749094,0.102069,0.201045,0.0430859,0.0909897,0.0903387,5.86328e-13,6.1314e-42,0,0,0,0,0,0
#[v_choice,44]
%0,0.00394078,0.0411757,0.0420092,0.0843729,0.0257451,0.200323,0.0749097,0.10207,0.201047,0.0430839,0.0909875,0.0903354,0,0,0,0,0,0,0,0
#[v_choice,45]
%0,0.00156064,0.0338761,0.106438,0.122152,0.192188,0.0754243,0.102442,0.192035,0.0376346,0.0161869,0.0401818,0.0117762,0.032385,0.0247591,0.0109598,3.04405e-14,8.58232e-35,0,0,0
#[v_choice,46]
%0,0.00376979,0.0313115,0.109128,0.0998301,0.193223,0.0926085,0.141833,0.110056,0.0959156,0.0485298,0.0382835,0.0145873,0.00984391,0.00753905,0,0,0.00354024,1.31619e-48,0,0
#[v_choice,47]
%0.000873606,6.3989e-05,0.00557334,0.108855,0.122265,0.224587,0.0280341,0.131786,0.19286,0.0495716,0.0462958,0.0367831,0.0430945,0.00590665,0.00344995,2.70437e-12,2.09778e-32,0,0,0,0
#[v_choice,48]
%0.000873377,6.39755e-05,0.00557312,0.108857,0.122265,0.224588,0.0280318,0.131787,0.192866,0.0495708,0.046294,0.0367819,0.0430934,0.00590532,0.00344867,3.93363e-16,6.64994e-41,0,0,0,0
#[v_choice,49]
%0.000121032,0.000983451,0.00914258,0.0054951,0.102975,0.133045,0.0945106,0.136464,0.278898,0.0633966,0.0525915,0.063388,0.0138791,0.0311929,0.0139171,2.93565e-10,4.43693e-30,8.77854e-45,0,0,0
#[v_choice,50]
%0,0,0.00643032,0.016219,0.0703912,0.146892,0.0778495,0.109991,0.295489,0.104159,0.0656376,0.0427155,0.0312708,0.0197817,0.0131724,4.6665e-13,3.91735e-37,0,0,0,0
#[v_choice,51]
%0,0,0.0064307,0.0162197,0.0703965,0.146903,0.0778521,0.109994,0.295506,0.104156,0.0656306,0.0427077,0.0312614,0.0197744,0.0131679,1.84e-26,0,0,0,0,0
#[v_choice,52]
%0,0,0.00124597,0.000473202,0.111625,0.139257,0.0836516,0.154724,0.292634,0.081016,0.0562945,0.0312732,0.0205999,0.0141425,0.013064,8.63438e-12,1.24259e-32,0,0,0,0
#[v_choice,53]
%0,0,0.00124597,0.000473139,0.111634,0.139265,0.0836543,0.154729,0.292642,0.0810116,0.0562866,0.0312657,0.0205939,0.0141378,0.0130607,7.13003e-31,0,0,0,0,0
#[v_choice,54]
%0,0,0.00073675,0.0103029,0.125413,0.118808,0.127342,0.130879,0.296697,0.0565324,0.0268521,0.0431809,0.010124,0.0159977,0.0371338,1.33495e-11,5.01742e-35,0,0,0,0
#[v_choice,55]
%3.10015e-11,2.4997e-10,0.00453637,0.0102013,0.0970337,0.142892,0.0884922,0.135124,0.289717,0.101217,0.0599001,0.0335752,0.00481771,0.0158382,0.0166551,1.77527e-09,1.93752e-28,3.14777e-43,0,0,0
#[v_choice,56]
%0,0,4.8904e-05,0.136071,0.269741,0.00502457,0.0479044,0.336379,0.13701,6.06841e-06,2.40417e-07,0.0678152,5.203e-14,8.83443e-12,1.77948e-30,0,0,0,0,0,0
#[v_choice,57]
%0,0,0.121626,1.95327e-05,0.0257331,0.0941217,0.0895926,0.255913,0.136425,0.159437,2.47155e-06,0.0480022,0.0161093,0.0294182,0.0235991,2.94683e-13,9.09576e-34,0,0,0,0
#[v_choice,58]
%0.000982815,0.000281467,0.00659073,0.0204072,0.00743452,0.0364974,0.120959,0.0772777,0.0932559,0.150871,0.192181,0.134272,0.0606279,0.0452183,0.037593,0.0154058,9.71433e-12,0,0.000144738,7.55776e-18,1.98714e-34
#[v_choice,59]
%1.02304e-06,9.88488e-07,0.0293721,0.0114555,0.0177675,0.012193,0.11274,0.1565,0.0978392,0.113317,0.179649,0.121045,0.0665483,0.025933,0.0298312,0.0258066,1.22387e-10,5.01277e-31,3.09699e-45,0,0
#[v_choice,60]
%1.02183e-06,9.841e-07,0.0293744,0.0114558,0.017768,0.0121929,0.112747,0.15651,0.0978414,0.113319,0.179653,0.121043,0.0665421,0.0259269,0.0298244,0.0258007,6.1944e-17,0,0,0,0
#[v_choice,61]
%0,4.26073e-05,0.0362559,0.0330796,0.0574396,0.0564927,0.115129,0.115114,0.0675941,0.0978222,0.151074,0.10347,0.0611936,0.031427,0.0473752,0.0264908,2.51724e-11,7.23328e-33,8.63088e-49,0,0
#[v_choice,62]
%1.42252e-08,4.28851e-07,0.0189993,0.0236135,0.025979,0.0272684,0.125041,0.159032,0.0853216,0.0969084,0.15269,0.111495,0.0768905,0.0216216,0.0339879,0.0409282,2.86879e-05,0,0.000193444,8.56483e-54,0
#[v_choice,63]
%4.90616e-08,1.42311e-06,0.0307982,0.0457197,0.0409896,0.0365391,0.174381,0.149226,0.0826107,0.131231,0.119532,0.0859716,0.0566776,0.0289473,0.0113283,0.00574014,0,0,0.000306073,1.15141e-49,0
#[v_choice,64]
%4.92087e-08,1.42549e-06,0.0307984,0.04572,0.0409901,0.0365397,0.174381,0.149226,0.0826113,0.131231,0.119531,0.0859711,0.0566774,0.0289473,0.0113283,0.00574003,0,0,0.000306056,0,0
#[v_choice,65]
%0,1.23007e-08,0.0242466,0.0460833,0.0552764,0.0253564,0.149797,0.126998,0.115944,0.0695145,0.133817,0.107326,0.0460356,0.0270809,0.0270984,0.041001,0.004261,0.000164038,8.37902e-20,2.5837e-34,0
#[v_choice,66]
%0.013706,0.000111692,0.0232205,0.0222281,0.0179738,0.021264,0.134877,0.147559,0.00585695,0.146535,0.241208,0.109594,0.035532,0.0266752,0.036703,0.016956,2.92283e-13,8.91999e-33,0,0,0
#[v_choice,67]
%0,0,0,0,1,4.2189e-07,1.01713e-10,8.27489e-21,9.29707e-25,0,0,0,0,0,0,0,0,0,0,0,0
#[v_choice,68]
%0,0,0,0,8.38438e-08,0.241608,5.86774e-10,0.239552,0.518839,2.79494e-11,2.00038e-19,0,0,1.48333e-15,1.63176e-27,0,0,0,0,0,0
#[v_choice,69]
%0.000413352,0,0.00141197,0.00797014,0.000499725,0.164836,0.0970431,0.085675,0.123526,0.33869,0.0721462,0.0551617,0.0247838,0.00133408,0.0112977,0.0152111,2.22153e-09,2.75104e-27,5.99082e-40,0,0
#[v_choice,70]
%0.000413362,0,0.001412,0.00797043,0.000499719,0.164843,0.0970465,0.0856767,0.123527,0.338697,0.0721429,0.0551567,0.0247789,0.00133303,0.0112941,0.0152088,6.28188e-10,0,0,0,0
#[v_choice,71]
%0,0,0,0,0,0,0,0,0,0,0,0,0,0,0,0,0,0,0,0,0
#[v_choice,72]
%0.00659832,0,0.0229235,0.0507382,0.00297818,0.376375,0.122233,0.0387981,0.139482,0.217595,0.0132343,0.00353681,0.00438078,0.000172133,0.000954845,3.65945e-07,0,0,0,0,0
#[v_choice,73]
%0.00129273,2.89798e-05,0.00673344,0.0103299,0.000453635,0.0987133,0.14751,0.0571474,0.160806,0.310508,0.0773865,0.0442644,0.0372436,0.0117399,0.0143642,0.0214786,3.54928e-12,2.10634e-34,0,0,0
#[v_choice,74]
%0,0,0,0,0,0,0,0,0,0,0,0,0,0,0,0,0,0,0,0,0
#[v_choice,75]
%0,0,0,0,0,0,0,0,0,0,0,0,0,0,0,0,0,0,0,0,0
#[v_choice,76]
%0.999993,2.68552e-15,1.62231e-12,1.60164e-08,9.6053e-12,7.10275e-06,9.29265e-15,2.78785e-19,1.38359e-20,3.81096e-26,0,0,1.47656e-23,0,0,0,0,0,0,0,0
#[v_choice,77]
%0.00143434,0.000858837,0.00493169,0.000191258,7.58946e-08,0.115502,0.120699,0.101747,0.122371,0.322403,0.0766624,0.0689337,0.0310352,0.00554848,0.0145771,0.0116565,1.42352e-12,0,0.00144933,3.51193e-37,0
#[v_choice,78]
%0,1.59773e-05,0.00907458,0.0182014,0.0232994,0.126897,0.135474,0.0820606,0.117654,0.314645,0.0665141,0.0380215,0.0260803,0.011315,0.0163439,0.0144037,3.92293e-10,6.75707e-30,5.61936e-44,0,0
#[v_choice,79]
%0,0,0.00497366,0.0167983,0.0124574,0.150387,0.111377,0.0669489,0.103583,0.314794,0.0783009,0.0439195,0.0358711,0.0116436,0.0220523,0.0268936,2.77332e-11,8.48526e-31,0,0,0
#[v_choice,80]
%0,3.61762e-05,0.00233188,0.0195043,0.00966395,0.152351,0.120737,0.0953136,0.141709,0.291149,0.0838357,0.0421319,0.0412365,5.72229e-19,0,0,3.33768e-17,5.67576e-31,2.92622e-46,0,0
#[v_choice,81]
%0,0,0,0.04462,0.000143937,0.160713,0.133494,0.0648131,0.093914,0.299119,0.102375,0.0516243,0.012708,0.0186879,0.0177882,3.37532e-23,4.09043e-35,0,0,0,0
#[v_choice,82]
%0,0,0,0.294634,0.00664213,0.113572,0.246279,0.0212198,0.184811,0.116739,0.0131831,7.38171e-07,9.63043e-06,0.00290939,1.5684e-28,0,0,0,0,0,0
#[v_choice,83]
%0.000488254,0.000328108,0.0029812,0.0173624,0.000752722,0.12741,0.115102,0.0881443,0.135777,0.317204,0.068306,0.0539817,0.0350581,0.0123361,0.0131237,0.0106854,1.8008e-13,0.000202782,0.000756929,5.44271e-30,0
#[v_choice,84]
%0.00048828,0.000328115,0.00298129,0.017363,0.000752668,0.127415,0.115105,0.0881457,0.135779,0.317211,0.068304,0.0539781,0.0350539,0.0123331,0.0131203,0.010683,0,0.000202467,0.000756206,0,0
#[v_choice,85]
%0.00048828,0.000328115,0.00298129,0.017363,0.000752668,0.127415,0.115105,0.0881457,0.135779,0.317211,0.068304,0.0539781,0.0350539,0.0123331,0.0131203,0.010683,0,0.000202467,0.000756206,0,0
#[v_choice,86]
%0.000488266,0.000328116,0.00298126,0.0173628,0.000752779,0.127413,0.115104,0.0881457,0.135778,0.317207,0.0683062,0.0539802,0.0350554,0.0123342,0.0131209,0.0106833,0,0.000202534,0.00075625,0,0
#[v_choice,87]
%0.0769519,0.0515905,0.414498,0.14171,0.00163059,0.199465,0.0400949,0.00671756,0.0401095,0.0212841,0.00483745,0.00111004,1.45969e-07,9.67887e-10,1.35176e-08,5.78475e-14,0,0,9.18105e-17,0,0
#[v_choice,88]
%0.00259162,0,0.000895855,2.11179e-06,0.223261,0.0284727,0.11672,0.188275,0.243899,0.0359055,0.0454687,0.0251434,0.0218068,0.0456477,0.021911,1.01906e-10,4.02257e-36,0,0,0,0
@d_5_del
$Dim[3,21]
#[d_gene,0]
%0.0131933,0.00983289,0.0629105,0.0255591,0.0969638,0.13758,0.1646,0.106824,0.169909,0.0953011,0.0267386,0.0383682,0.0232209,0.0154315,0.00547635,0.00522828,0.0028632,0,0,0,0
#[d_gene,1]
%0.00168755,0.00687636,0.0309429,0.0158743,0.0551279,0.0760278,0.094953,0.0566935,0.116021,0.0882945,0.0709126,0.0709196,0.115225,0.124407,0.0141688,0.0132477,0.013567,0.0145927,0.0122379,0.00500007,0.00322289
#[d_gene,2]
%0.000877421,0.00904534,0.0268299,0.0234536,0.0533466,0.0666721,0.0587049,0.0238221,0.0195443,0.0411913,0.0389043,0.034294,0.0741051,0.143306,0.077246,0.0973265,0.077922,0.0655801,0.0439228,0.0153495,0.00855596
@d_3_del
$Dim[3,21,21]
#[d_gene,0],[d_5_del,0]
%0,0,0,3.79808e-07,0.00683312,1.92179e-05,0.000404946,0.0225334,0.018886,0.00613212,7.62407e-07,8.34468e-05,6.73407e-08,1.24121e-05,0.000321578,0.000974128,0.0233365,0.0584195,0.368419,0.276461,0.217162
#[d_gene,0],[d_5_del,1]
%0,0,0,1.84636e-06,0.000161075,2.58857e-05,0.0163711,0.0240436,0.000163598,0.00446148,0.00229175,0.000784985,0.00026508,0.00580901,0.00712635,0.0148674,0.301296,0.187926,0.147576,0.286829,0
#[d_gene,0],[d_5_del,2]
%0,0.000375829,0.00339623,0.00204467,0.0475143,0.000813484,0.0859516,0.247425,0.0444707,0.189515,0.124968,0.100372,0.00120293,0.0264812,0.00300514,0.0206552,0.0294582,0.027661,0.044689,0,0
#[d_gene,0],[d_5_del,3]
%0,0,3.27479e-08,6.52468e-05,0.0227881,0.00397562,0.0360664,0.162211,0.0505673,0.136139,0.112033,0.128768,5.01329e-05,0.0336233,0.113751,0.0318894,0.0570166,0.111056,0,0,0
#[d_gene,0],[d_5_del,4]
%2.13301e-09,0.000405313,0.00421219,0.000201041,0.0304432,0.0156035,0.0974424,0.24354,0.0586644,0.209909,0.129965,0.0864561,0.0031586,0.0403006,0.0312366,0.0195365,0.0289263,0,0,0,0
#[d_gene,0],[d_5_del,5]
%0,0.000386819,0.00362038,0.001626,0.0409447,0.00723072,0.0508882,0.249271,0.139557,0.244633,0.0626186,0.130273,0.0108973,0.0228658,0.0147967,0.0203917,0,0,0,0,0
#[d_gene,0],[d_5_del,6]
%0,0.000556654,0.00459033,0.00445117,0.0517366,0.0101608,0.0766822,0.307242,0.129423,0.233138,0.0725808,0.0630086,0.0177992,0.0117181,0.0169119,0,0,0,0,0,0
#[d_gene,0],[d_5_del,7]
%6.19361e-07,2.01604e-08,0.00612298,0.0103092,0.0797413,0.0139688,0.141992,0.354962,0.112875,0.147256,0.0622503,0.0205074,0.0238531,0.0261607,0,0,0,0,0,0,0
#[d_gene,0],[d_5_del,8]
%5.98769e-13,4.84628e-08,0.00333196,0.0100591,0.0620526,0.0526266,0.115852,0.363202,0.141728,0.209746,0.0159887,0.00901296,0.0163995,0,0,0,0,0,0,0,0
#[d_gene,0],[d_5_del,9]
%3.88152e-09,0.000843396,0.016049,0.00788558,0.158671,0.113454,0.238203,0.255335,0.104408,0.0464411,0.0294686,0.0292412,0,0,0,0,0,0,0,0,0
#[d_gene,0],[d_5_del,10]
%9.91257e-05,1.32059e-06,0.0506832,0.0218535,0.166252,0.0332105,0.222143,0.197386,0.13006,0.0743522,0.103959,0,0,0,0,0,0,0,0,0,0
#[d_gene,0],[d_5_del,11]
%0.000477535,6.11039e-05,0.00965918,0.0104395,0.312275,0.302253,0.147691,0.0925829,0.0520516,0.0725097,0,0,0,0,0,0,0,0,0,0,0
#[d_gene,0],[d_5_del,12]
%0.000116452,0.000648738,0.00248366,0.00414005,0.341154,0.290513,0.15439,0.0864561,0.120098,0,0,0,0,0,0,0,0,0,0,0,0
#[d_gene,0],[d_5_del,13]
%0,0.000703226,0.0144715,0.0214698,0.375309,0.27167,0.13385,0.182527,0,0,0,0,0,0,0,0,0,0,0,0,0
#[d_gene,0],[d_5_del,14]
%0,0,0.00857578,0.0105157,0.0669282,0.395992,0.517989,0,0,0,0,0,0,0,0,0,0,0,0,0,0
#[d_gene,0],[d_5_del,15]
%0,0,0,0.159416,0.289665,0.550918,0,0,0,0,0,0,0,0,0,0,0,0,0,0,0
#[d_gene,0],[d_5_del,16]
%0,0,0,0,1,0,0,0,0,0,0,0,0,0,0,0,0,0,0,0,0
#[d_gene,0],[d_5_del,17]
%0,0,0,0,0,0,0,0,0,0,0,0,0,0,0,0,0,0,0,0,0
#[d_gene,0],[d_5_del,18]
%0,0,0,0,0,0,0,0,0,0,0,0,0,0,0,0,0,0,0,0,0
#[d_gene,0],[d_5_del,19]
%0,0,0,0,0,0,0,0,0,0,0,0,0,0,0,0,0,0,0,0,0
#[d_gene,0],[d_5_del,20]
%0,0,0,0,0,0,0,0,0,0,0,0,0,0,0,0,0,0,0,0,0
#[d_gene,1],[d_5_del,0]
%0,0,0,0.00352776,2.16961e-07,0.0860136,0.00125079,0.000401124,0.0689099,0.139171,5.1959e-05,0,0.0828568,5.76407e-06,0.116786,0.000188692,1.69576e-07,1.94842e-06,0.000604456,0.00251275,0.497717
#[d_gene,1],[d_5_del,1]
%0,0,0,0,5.88638e-05,0.000316444,0.000291729,0.00348369,0.00165621,2.42509e-05,1.2379e-05,5.30869e-06,0.000497904,0.0678956,0.000240488,0.00132109,0.000418178,0.0152854,0.0210943,0.022547,0.864851
#[d_gene,1],[d_5_del,2]
%0,7.30056e-07,1.09734e-06,0.0220254,0.0236508,0.0456614,0.0615396,0.0921728,0.0451288,0.0319116,0.0455817,0.0649772,0.101296,0.0648518,0.0377391,0.217985,0.000287794,0.0198125,0.00457644,0.0319231,0.0888765
#[d_gene,1],[d_5_del,3]
%0,8.44916e-07,0.0147401,0.00117979,0.00313884,0.0690869,0.0408123,0.029944,0.014124,0.0915507,0.000412136,0.0996169,0.0447066,0.00108161,0.0741358,0.276107,0.000124255,0.0157544,0.0692628,0.0347314,0.11949
#[d_gene,1],[d_5_del,4]
%0,0.00125518,0.00715676,0.0391546,0.00119342,0.0749648,0.0970627,0.13289,0.0378924,0.0739506,0.0520835,0.0528989,0.0905302,0.00430699,0.0846915,0.110932,0.00322354,0.0173697,0.0232984,0.0331692,0.0619759
#[d_gene,1],[d_5_del,5]
%0,3.63192e-05,0.0365254,0.0137333,0.00914082,0.106655,0.150203,0.107852,0.0755525,0.0701403,0.0570758,0.0497675,0.0535089,0.0106093,0.0400936,0.132516,0.00884682,0.0187569,0.015935,0.0430521,0
#[d_gene,1],[d_5_del,6]
%0.000799911,8.69496e-08,0.0227313,0.0169826,0.013481,0.0989297,0.157455,0.128304,0.0717179,0.0658191,0.0331667,0.0600093,0.0830455,0.00522532,0.0498092,0.107565,0.0338871,0.0171147,0.033957,0,0
#[d_gene,1],[d_5_del,7]
%0,4.94444e-09,0.043144,0.0504724,0.00253325,0.0941879,0.188441,0.172243,0.0437426,0.0366801,0.0610902,0.0489877,0.0536419,0.00894825,0.0433824,0.0467335,0.0503819,0.0553903,0,0,0
#[d_gene,1],[d_5_del,8]
%5.4175e-06,0.000357041,0.0260933,0.0452353,0.00534639,0.154539,0.206173,0.137663,0.0813952,0.0855909,0.0422078,0.0590451,0.0802872,0.0107962,0.02105,0.0176511,0.0265643,0,0,0,0
#[d_gene,1],[d_5_del,9]
%0,1.40079e-05,0.0323774,0.0277325,0.0250512,0.135267,0.168561,0.137767,0.140595,0.0493615,0.0470164,0.0267972,0.116203,0.0263076,0.0319762,0.0349736,0,0,0,0,0
#[d_gene,1],[d_5_del,10]
%6.80011e-05,4.53216e-06,0.0752713,0.062086,0.0181058,0.143202,0.126448,0.281962,0.00916418,0.0736197,0.0199519,0.0226655,0.0814328,0.0421816,0.0438368,0,0,0,0,0,0
#[d_gene,1],[d_5_del,11]
%1.94995e-05,6.53529e-09,0.0387499,0.0525401,0.00705425,0.117938,0.401403,0.151956,0.0578072,0.0851362,0.0139204,0.0103925,0.0200502,0.0430319,0,0,0,0,0,0,0
#[d_gene,1],[d_5_del,12]
%3.40455e-05,2.30934e-06,0.00311103,0.000146868,0.000735443,0.376676,0.236728,0.257841,0.0391021,0.0312442,0.00852957,0.0194837,0.0263661,0,0,0,0,0,0,0,0
#[d_gene,1],[d_5_del,13]
%1.28832e-05,0.000115029,0.0219727,0.0914493,0.584612,0.0756771,0.0289516,0.104539,0.0358634,0.0196711,0.0122584,0.0248778,0,0,0,0,0,0,0,0,0
#[d_gene,1],[d_5_del,14]
%7.84947e-10,0.0157086,0.134927,0.0386365,0.00164701,0.0181333,0.124187,0.220425,0.13818,0.0965207,0.211636,0,0,0,0,0,0,0,0,0,0
#[d_gene,1],[d_5_del,15]
%0.0122916,0.000163035,0.00418484,0.00231077,0.0434872,0.210905,0.205693,0.181181,0.10959,0.230195,0,0,0,0,0,0,0,0,0,0,0
#[d_gene,1],[d_5_del,16]
%0.0769512,0.024404,0.0580976,0.0769911,0.116668,0.168174,0.138787,0.111365,0.228561,0,0,0,0,0,0,0,0,0,0,0,0
#[d_gene,1],[d_5_del,17]
%0,0.0836814,0.154454,0.193447,0.133116,0.123407,0.0928889,0.219007,0,0,0,0,0,0,0,0,0,0,0,0,0
#[d_gene,1],[d_5_del,18]
%0,0,0.210715,0.256721,0.142186,0.126238,0.26414,0,0,0,0,0,0,0,0,0,0,0,0,0,0
#[d_gene,1],[d_5_del,19]
%0,0,0,0.0986335,0.267229,0.634138,0,0,0,0,0,0,0,0,0,0,0,0,0,0,0
#[d_gene,1],[d_5_del,20]
%0,0,0,0,1,0,0,0,0,0,0,0,0,0,0,0,0,0,0,0,0
#[d_gene,2],[d_5_del,0]
%0,0,0,0,0,0,0.00136006,4.63977e-08,1.28887e-08,4.28691e-06,1.85674e-08,0,1.59327e-05,7.5212e-05,0.0241779,0.000910476,2.59811e-06,0.000548565,0.0175027,0.0493868,0.906015
#[d_gene,2],[d_5_del,1]
%0,0,0,0,0,0,0,0,0,0,0,0,1.40888e-08,4.3487e-05,7.24574e-05,0.00172553,0.000520301,0.0177855,0.0223028,0.0530393,0.904511
#[d_gene,2],[d_5_del,2]
%0,0,0,0,0,0,5.7798e-08,1.35121e-05,7.08826e-07,3.63617e-07,2.40385e-08,3.12928e-07,3.92879e-05,8.7744e-05,0.0249275,0.425834,0.00644615,0.174913,0.0205225,0.145312,0.201903
#[d_gene,2],[d_5_del,3]
%0,0,0,0,0,0,0,7.91382e-10,4.62399e-09,3.68316e-06,1.35666e-09,2.96346e-07,5.03898e-07,2.98063e-06,0.00359881,0.239058,0.000119159,0.106236,0.34601,0.116238,0.188734
#[d_gene,2],[d_5_del,4]
%0,0,0,0,0,0,0,5.37039e-18,4.71812e-08,4.6371e-07,1.77274e-06,1.87128e-07,4.68052e-05,0.000518582,0.035871,0.321634,0.0136483,0.189393,0.158899,0.116659,0.163328
#[d_gene,2],[d_5_del,5]
%0,0,0,0,0,0,0,0,2.70332e-07,2.62101e-07,3.55975e-07,2.2424e-06,2.33423e-05,0.00020115,0.0317276,0.5484,0.0641416,0.139617,0.0861441,0.129742,0
#[d_gene,2],[d_5_del,6]
%0,0.00203129,0,0,0,0,0,4.21696e-06,3.18185e-07,3.44493e-07,8.60613e-08,3.73764e-07,0.000236969,0.000222934,0.0422067,0.509934,0.194343,0.105693,0.145327,0,0
#[d_gene,2],[d_5_del,7]
%0,0,0,0.00456281,0,0,1.51117e-06,6.20378e-09,1.04506e-07,5.58895e-07,3.24521e-06,1.84342e-07,0.0026316,0.0185183,0.0450018,0.243451,0.333749,0.35208,0,0,0
#[d_gene,2],[d_5_del,8]
%0,0,0,0,0,0,0,1.99293e-06,1.25932e-05,2.27755e-05,1.73619e-05,2.79835e-05,0.0285062,0.059485,0.26612,0.219657,0.426149,0,0,0,0
#[d_gene,2],[d_5_del,9]
%0,0,0,0,4.2318e-09,0,0,3.27487e-05,8.22482e-05,0.0160951,0.00272592,0.00893531,0.272018,0.218269,0.280752,0.201089,0,0,0,0,0
#[d_gene,2],[d_5_del,10]
%0,0,0,0,2.95746e-06,0,1.88177e-07,0.186509,0.0014275,0.0182506,0.0149646,0.0495544,0.314489,0.201508,0.213294,0,0,0,0,0,0
#[d_gene,2],[d_5_del,11]
%0,0,0,0,4.15987e-08,0.000233623,0.0581184,0.127264,0.0781211,0.244338,0.0161806,0.0514336,0.182399,0.241911,0,0,0,0,0,0,0
#[d_gene,2],[d_5_del,12]
%0.00284694,0,0,1.32788e-08,2.59529e-07,0.00554488,0.00344178,0.108025,0.324977,0.323024,0.0510343,0.0681984,0.112908,0,0,0,0,0,0,0,0
#[d_gene,2],[d_5_del,13]
%3.56038e-11,2.51725e-10,5.64976e-10,1.00099e-06,0.213322,0.0968777,0.066422,0.231877,0.194016,0.09328,0.0448314,0.0593726,0,0,0,0,0,0,0,0,0
#[d_gene,2],[d_5_del,14]
%1.26144e-10,3.63637e-06,3.24318e-09,0.000152097,0.260377,0.0909301,0.185614,0.129623,0.146036,0.0796607,0.107603,0,0,0,0,0,0,0,0,0,0
#[d_gene,2],[d_5_del,15]
%0.00162361,0.00039381,0.000112462,0.0065864,0.297902,0.181449,0.2413,0.120291,0.0640333,0.0863087,0,0,0,0,0,0,0,0,0,0,0
#[d_gene,2],[d_5_del,16]
%0.000853777,0.0120675,0.0103858,0.0171883,0.335601,0.246698,0.150018,0.117759,0.109428,0,0,0,0,0,0,0,0,0,0,0,0
#[d_gene,2],[d_5_del,17]
%0,0.0706541,0.192759,0.185634,0.188502,0.142359,0.0882213,0.131871,0,0,0,0,0,0,0,0,0,0,0,0,0
#[d_gene,2],[d_5_del,18]
%0,0,0.170967,0.271386,0.222081,0.138082,0.197485,0,0,0,0,0,0,0,0,0,0,0,0,0,0
#[d_gene,2],[d_5_del,19]
%0,0,0,0.0620687,0.378805,0.559126,0,0,0,0,0,0,0,0,0,0,0,0,0,0,0
#[d_gene,2],[d_5_del,20]
%0,0,0,0,1,0,0,0,0,0,0,0,0,0,0,0,0,0,0,0,0
@j_5_del
$Dim[15,23]
#[j_choice,0]
%0.000134717,0.00145794,0.0147393,0.0469305,0.0582265,0.213015,0.0714353,0.134543,0.148228,0.125817,0.0814515,0.0562019,0.0239039,0.0201522,1.31368e-05,0.00176811,4.17955e-06,7.42595e-05,0.0011553,0.000740185,8.01901e-06,0,0
#[j_choice,1]
%3.38934e-05,0.00229439,0.0147803,0.0009439,0.0585427,0.0494061,0.104461,0.079624,0.22457,0.102467,0.0930702,0.0852792,0.148421,0.0201738,0.00969874,0.00243603,0.00218979,0.000380149,4.16003e-10,0.00122794,4.59384e-08,0,0
#[j_choice,2]
%0.00200938,0.00336879,0.0363962,0.00245927,0.284714,0.0598421,0.141037,0.0765601,0.155651,0.075884,0.0269072,0.0330701,0.0349445,0.0139381,0.0146572,0.0265947,0.00217753,0.00454253,0.00163245,5.32182e-05,0.00356068,0,0
#[j_choice,3]
%0.00150517,0.00457494,0.0142948,0.0453515,0.0657513,0.0241958,0.0511304,0.0731263,0.106911,0.080194,0.103344,0.13727,0.218258,0.00342658,0.0367936,0.0116773,0.0159081,0.00388379,0.00240423,0,0,0,0
#[j_choice,4]
%2.01666e-10,0.000795834,0.053192,0.0557438,0.0511261,0.0671065,0.113962,0.0983684,0.108348,0.115941,0.0772247,0.117058,0.0201947,0.0352648,0.00532863,0.0070748,0.000737757,0.00518832,0.0315957,0.035749,9.41408e-16,0,0
#[j_choice,5]
%5.25507e-08,0.0164791,0.0617893,0.0126427,0.0334895,0.0227987,0.0255238,0.0438558,0.0614065,0.07357,0.0705758,0.158683,0.124171,0.0931833,0.124774,0.0350677,0.00839393,0.0133778,0.0200724,0.000142796,2.64635e-06,0,0
#[j_choice,6]
%4.91336e-08,0.0164733,0.0616635,0.0126256,0.0334035,0.0227411,0.0254486,0.0436671,0.0611561,0.0732403,0.0702524,0.157896,0.123535,0.0927033,0.124062,0.0349359,0.0126345,0.013386,0.0200301,0.000142272,2.63801e-06,0,0
#[j_choice,7]
%3.1555e-07,0.00624336,0.0465023,0.00701231,0.0539671,0.0332213,0.0506376,0.0787496,0.125786,0.111663,0.0906447,0.0926523,0.110682,0.0628489,0.0911903,0.0153827,0.0226093,1.06945e-09,0,0,0,0.000206318,0
#[j_choice,8]
%6.49902e-06,0.00446394,0.00411576,0.00900114,0.0887873,0.0859578,0.110509,0.122565,0.17026,0.109075,0.115229,0.128096,0.0278626,0.014589,0.00587198,0.00228146,2.57883e-05,0.00127891,2.46118e-05,0,0,0,0
#[j_choice,9]
%1.43985e-07,1.86794e-07,0.0516851,0.0282801,0.0589175,0.0984952,0.23092,0.0889525,0.152873,0.0959873,0.0975251,0.0323925,0.022519,0.00976879,0.00781432,0.0210635,7.57948e-05,1.69468e-05,7.61575e-05,0.00263644,9.08975e-12,0,0
#[j_choice,10]
%0,1.28308e-07,0.0941782,0.1446,0.0808157,0.109198,0.114683,0.114564,0.0289967,0.0739145,0.0754633,0.0534486,0.0666969,0.0232041,1.44025e-06,0,0,2.48477e-06,0.00409936,0.00232782,0.0138052,0,0
#[j_choice,11]
%0,9.05423e-11,0.0180879,0.00699602,0.0159902,0.0631338,0.207963,0.130858,0.135268,0.294997,0.0547509,0.0411547,0.00198249,0.0273471,6.57908e-06,4.44993e-06,0.000124284,0.000311246,2.8797e-05,0.000995161,3.48889e-07,0,0
#[j_choice,12]
%0.00637086,2.33041e-05,0.0210947,0.00742934,0.358581,0.107179,0.190806,0.0793477,0.122475,0.0222881,0.0311215,2.04822e-09,0.00871027,0.00170273,0.00203693,0.00757552,0.00361071,0.0055352,8.87409e-06,0.0240998,3.3948e-06,2.51419e-39,0
#[j_choice,13]
%4.80154e-07,0.00342565,0.0397037,0.00199234,0.084767,0.0550387,0.172234,0.242363,0.143394,0.134754,0.0976788,0.0206116,9.17835e-07,4.89746e-06,0,0.000206568,0.000656947,5.13306e-07,0.00316451,2.54521e-06,0,0,0
#[j_choice,14]
%4.68937e-07,0.00342719,0.0398085,0.00199591,0.0850569,0.0552492,0.172866,0.243,0.143968,0.135095,0.0979555,0.0206499,9.30726e-07,4.92506e-06,0,0.00026232,0.000658461,7.36178e-08,0,0,0,0,0
@vd_ins
$Dim[31]
#
%0.0437818,0.0454208,0.100438,0.122621,0.154625,0.104926,0.0886278,0.0765371,0.0633372,0.0521952,0.0393478,0.032611,0.0218937,0.0179452,0.0104317,0.00655209,0.0056045,0.00314992,0.00333819,0.00206924,0.00099735,0.00146867,0.000659118,0.000621159,0.000182145,0.000261111,0.000155836,6.16308e-05,1.34104e-09,0,0.000139
@vd_dinucl
$Dim[16]
#
%0.281982,0.267684,0.257804,0.192529,0.153259,0.457734,0.188935,0.200073,0.248876,0.187147,0.365418,0.198559,0.236695,0.30928,0.1925,0.261525
@dj_ins
$Dim[31]
#
%0.0457133,0.0557602,0.0987266,0.117852,0.1475,0.110954,0.095128,0.0753641,0.0592954,0.0469936,0.0377406,0.026712,0.0233914,0.0158182,0.0124616,0.00930545,0.00496982,0.00567926,0.00272692,0.00258018,0.00160723,0.00105864,0.000505072,0.000798547,0.000450039,0.000289009,0.000275963,0.000244925,1.18387e-08,1.46552e-07,9.73373e-05
@dj_dinucl
$Dim[16]
#
%0.278217,0.163925,0.343074,0.214784,0.237438,0.31494,0.213344,0.234278,0.23902,0.176314,0.423195,0.161471,0.218949,0.235386,0.265715,0.27995
