@v_choice
$Dim[89]
#
%0.00188885,0.00606279,0.00606253,0.00941401,0.00160629,0.00700638,0.00700614,0.00208558,0.00811641,1.98083e-07,0.00470951,0.0156605,0.000706843,0.00829362,0.0039175,0.00391732,0.00370515,0.00513389,0.00575617,0.00810706,1.63917e-05,0.00183502,0,0.000370421,0,0.0434695,0.0746225,0.00968977,0.00968934,0.0953672,0.0562944,0.0100232,0.00300072,0,0.00535551,0.014023,0.00640722,0.00640698,0.003397,0.00339684,0.00339684,0.00339685,0.0225436,0.00275309,0.00275306,0.00343442,0.00379874,0.00492717,0.00492706,0.039397,0.00885412,0.00885377,0.00556235,0.00556217,0.0110935,0.021797,0.00125614,0.00170583,0.021279,0.0280638,0.0280628,0.0257584,0.0358998,0.0126924,0.0126925,0.00891162,0.00360318,0.00374668,1.41591e-10,0.0261476,0.0261464,3.75797e-05,0.00244777,0.0307681,0,0,2.18113e-17,0.0177424,0.0212012,0.00881667,0.00907592,0.00765937,0.000136024,0.0134209,0.0134197,0.0134197,0.0134199,0.000206338,0.00668993
@j_choice
$Dim[15]
#
%0.0926225,0.0916964,0.0244401,0.038786,0.0846593,0.0194826,0.0195205,0.151431,0.0473372,0.0878297,0.0180029,0.0968139,0.0183913,0.104836,0.104151
@d_gene
$Dim[15,3]
#[j_choice,0]
%0.83638,0.0107046,0.152915
#[j_choice,1]
%0.789695,0.070714,0.139591
#[j_choice,2]
%0.787718,0.019784,0.192498
#[j_choice,3]
%0.775121,0.0679406,0.156939
#[j_choice,4]
%0.78089,0.0659791,0.15313
#[j_choice,5]
%0.774924,0.029373,0.195703
#[j_choice,6]
%0.774621,0.0294946,0.195885
#[j_choice,7]
%0.257451,0.282911,0.459638
#[j_choice,8]
%0.429044,0.282678,0.288278
#[j_choice,9]
%0.323285,0.335272,0.341443
#[j_choice,10]
%0.498081,0.226435,0.275484
#[j_choice,11]
%0.363822,0.278553,0.357625
#[j_choice,12]
%0.634024,0.267655,0.0983211
#[j_choice,13]
%0.483275,0.185829,0.330896
#[j_choice,14]
%0.475566,0.194049,0.330386
@v_3_del
$Dim[89,21]
#[v_choice,0]
%0,0,2.03716e-06,0.162894,0.130981,0.155068,0.198821,0.0907928,0.100375,0.0740861,0.0367667,0.0252499,0.024962,8.42195e-20,2.35396e-33,1.38881e-41,0,0,0,0,0
#[v_choice,1]
%0.00572888,9.39318e-05,0.0203375,0.00959317,0.0652897,0.0599408,0.0896861,0.12344,0.052918,0.0609973,0.150973,0.198173,0.0732947,0.0208052,0.0439561,0.0247728,5.43601e-11,1.87252e-30,2.40843e-47,0,0
#[v_choice,2]
%0.00572906,9.3925e-05,0.0203381,0.00959321,0.0652912,0.0599413,0.0896873,0.123441,0.0529178,0.0609967,0.150974,0.198174,0.0732927,0.020804,0.0439541,0.0247708,3.64113e-26,0,0,0,0
#[v_choice,3]
%0.00368946,6.04868e-05,0.0130975,0.00617791,0.0420468,0.0386016,0.057817,0.0795864,0.132465,0.0610999,0.122664,0.107476,0.0653152,0.137465,0.0862513,0.0461872,8.42155e-10,4.9897e-26,6.48653e-41,0,0
#[v_choice,4]
%0,0,0,0.01835,0,0.102742,0.0162103,0.0809399,0.113264,0.139789,0.0899368,0.213671,0.0820093,0.0516342,0.0618781,0.0295748,4.16196e-07,2.37252e-29,6.6232e-50,0,0
#[v_choice,5]
%0,0,0.0163153,0.0433482,0.0325048,0.0291646,0.0599222,0.142712,0.0948517,0.0401482,0.0953569,0.161708,0.139153,0.0123889,0.073512,0.0589139,1.08138e-10,3.73967e-30,8.43949e-47,0,0
#[v_choice,6]
%0,0,0.0163157,0.0433491,0.0325054,0.0291648,0.0599228,0.142715,0.0948523,0.0401475,0.0953571,0.161709,0.139153,0.0123876,0.0735097,0.0589116,3.34644e-14,0,0,0,0
#[v_choice,7]
%0.000276488,0.000788377,0.00438466,0.00781461,0.00144737,0.0957886,0.0721491,0.000494469,0.125107,0.329409,0.221216,0.0751806,0.0371053,3.98462e-07,2.17702e-09,0.0288379,1.22232e-15,0,0,0,0
#[v_choice,8]
%0,0.0002253,0.00417531,0.0559269,0.0161385,0.08928,0.0634427,0.0292508,0.067388,0.466959,0.0840762,0.0334869,0.0391555,0.035899,0.00553154,0.00905118,1.27376e-05,1.8969e-24,2.56789e-38,0,0
#[v_choice,9]
%0,0,0.0423875,0.956896,0.000178778,0.00051493,2.24939e-05,4.99529e-11,0,0,0,0,0,0,0,0,0,0,0,0,0
#[v_choice,10]
%0,0.000388195,0.00719536,0.0963819,0.0278098,0.153841,0.109305,0.0503912,0.113769,0.307256,0.113572,0.00411495,0.00332974,0.000994508,0.00332605,0.00831002,1.51709e-05,0,0,0,0
#[v_choice,11]
%0,0,0.02876,0.0132662,0.025121,0.105847,0.154431,0.0545488,0.149913,0.314253,0.0311182,0.0558958,0.022844,0.0193308,0.0115432,0.0105004,3.1076e-10,0,0,0.00262785,6.31837e-25
#[v_choice,12]
%0,0,0.114547,0,0.0274573,0.107797,0.205986,0,0.192229,0.292077,2.42932e-13,0,0,0.0599062,3.92908e-18,4.00417e-39,0,0,0,0,0
#[v_choice,13]
%0,0.00828874,0.00868163,0.109615,0.0634833,0.406213,0.334894,0,0.0207824,0.0235953,0,0,0,0.0197975,0,0,0.00464979,2.57474e-22,2.91545e-44,0,0
#[v_choice,14]
%0.00192265,0.00791052,0,0.00786673,0.00509588,0.0527408,0.0652696,0.180226,0.0530459,0.205823,0.139575,0.128868,0.0626241,0.0190134,0.043442,0.0265755,6.66129e-11,8.0377e-31,6.43136e-48,0,0
#[v_choice,15]
%0.00192264,0.00791072,0,0.00786686,0.00509593,0.0527425,0.0652712,0.180231,0.0530457,0.205827,0.139576,0.128867,0.0626217,0.0190108,0.0434383,0.0265728,2.99235e-26,0,0,0,0
#[v_choice,16]
%0.00203274,0.0083637,0,0.00831734,0.00538773,0.0557627,0.0690088,0.190551,0.0560832,0.217613,0.147568,0.136246,0.0662075,0.0200649,0.00445257,0.0123401,2.84774e-33,0,0,0,0
#[v_choice,17]
%0,0,0.0947342,0.0159341,0.0342741,0.0704161,0.14673,0.128605,0.0609815,0.159356,0.0999183,0.0756931,0.0493523,0.037681,0.00664851,0.0196764,4.00668e-19,2.02382e-28,2.6298e-44,0,0
#[v_choice,18]
%0,9.53711e-06,0.025474,1.41715e-08,0.000124644,0.0713774,0.104505,0.0414834,0.202421,0.330518,0.0583757,0.0553748,0.0493235,0.0146285,0.00395723,0.0424271,2.22159e-11,1.73719e-29,1.18419e-43,0,0
#[v_choice,19]
%0,0.00679237,0.00647901,0.0969597,0.126526,0.150282,0.060738,0.150325,0.143864,0.0864087,0.0637325,0.0312314,0.0249558,0.016297,0.00946299,0.0259461,3.5785e-12,5.65164e-32,0,0,0
#[v_choice,20]
%0.999964,4.3556e-11,1.10532e-08,8.76491e-12,0,4.7058e-11,3.63464e-05,1.11135e-09,1.57653e-10,0,0,0,8.10039e-08,1.0896e-19,3.73107e-37,0,0,0,0,0,0
#[v_choice,21]
%0.0104229,0,0.000639021,0.178903,0,0.0233852,0.22199,0.0560131,0.191514,0.125498,0.0357249,0.0798145,0.0509434,1.56444e-10,0.0251515,1.31905e-18,1.39599e-26,3.74258e-43,0,0,0
#[v_choice,22]
%0,0,0,0,0,0,0,0,0,0,0,0,0,0,0,0,0,0,0,0,0
#[v_choice,23]
%0,0,0,0,0,0.0584232,0.228444,0.0654826,0.647651,4.18622e-10,1.2679e-30,1.4962e-46,0,0,0,0,0,0,0,0,0
#[v_choice,24]
%0,0,0,0,0,0,0,0,0,0,0,0,0,0,0,0,0,0,0,0,0
#[v_choice,25]
%1.06029e-09,1.81698e-05,0.00427497,0.0412283,0.0328413,0.0832236,0.155204,0.221173,0.197175,0.0708122,0.0935189,0.0117344,0.0561994,0.013659,0.00945096,0.00736369,0.00212253,1.18643e-19,2.11304e-30,2.81513e-42,0
#[v_choice,26]
%7.66695e-07,0.00185812,0.000358682,0.0132709,0.00795111,0.0611926,0.0351545,0.146511,0.0934224,0.155685,0.100306,0.143976,0.0560848,0.0786626,0.0629919,0.0425729,1.74545e-07,3.53968e-24,8.9112e-37,2.18533e-49,0
#[v_choice,27]
%0.0106269,0,0.00790931,0.0024101,0.0238654,0.0312331,0.0602303,0.142443,0.0834134,0.0952529,0.16243,0.159517,0.0749034,0.0667127,0.0468007,0.0322495,3.02192e-06,1.31046e-24,7.94884e-38,0,0
#[v_choice,28]
%0.0106273,0,0.00790952,0.00241009,0.0238659,0.0312337,0.0602315,0.142446,0.0834138,0.095253,0.162431,0.159517,0.0749018,0.0667108,0.0467982,0.032247,2.97477e-06,0,0,0,0
#[v_choice,29]
%1.04806e-08,0.00284029,0.0189421,0.0891181,0.0363956,0.102097,0.0735511,0.193983,0.0853677,0.140418,0.185583,0.0419048,0.0298001,4.0831e-18,7.52952e-32,3.17446e-47,0,0,0,0,0
#[v_choice,30]
%0.000299384,0.000580798,0.00824577,0.0604019,0.0734227,0.142477,0.0462507,0.150369,0.130616,0.0307247,0.0853227,0.0987336,0.0911895,0.026678,0.024288,0.0304,5.8692e-07,3.34299e-25,2.70961e-38,0,0
#[v_choice,31]
%1.57268e-09,0.00564408,0.0167175,0.0220615,0.0287251,0.0539431,0.105381,0.0914959,0.176919,0.134387,0.0326375,0.0990592,0.0691753,0.0412286,0.0657633,0.0234454,0.033417,4.85857e-11,4.27333e-29,7.24627e-46,0
#[v_choice,32]
%0,0,0,0.0255817,0.0350022,0.162299,0.00521014,0.231971,0.0432768,0.0769094,0.113212,0.108233,0.123733,0.045832,0.0129822,0.0157571,8.98678e-15,5.53113e-35,0,0,0
#[v_choice,33]
%0,0,0,0,0,0,0,0,0,0,0,0,0,0,0,0,0,0,0,0,0
#[v_choice,34]
%0,0,0.000903251,0.0295898,0.00478645,0.0603766,0.128218,0.12058,0.0752557,0.175026,0.16424,0.116671,0.0297065,0.0439595,0.0414263,0.00926108,1.71157e-12,1.5456e-30,4.22024e-46,0,0
#[v_choice,35]
%0,0,0.0061561,0.00871359,0.0235115,0.0392721,0.0548657,0.141522,0.112059,0.173452,0.142602,0.10314,0.0625266,0.0618923,0.035493,0.034795,5.30593e-07,2.21757e-24,2.10738e-36,0,0
#[v_choice,36]
%4.66201e-06,0.0134607,0.00853166,0.0166333,0.0185189,0.0341502,0.0726006,0.111939,0.184023,0.112187,0.136855,0.177745,0.112741,0.000610317,2.68628e-20,4.60932e-37,0,0,0,0,0
#[v_choice,37]
%4.6616e-06,0.0134608,0.00853149,0.016633,0.0185187,0.0341502,0.0726015,0.111941,0.184025,0.112187,0.136855,0.177745,0.112738,0.000609443,0,0,0,0,0,0,0
#[v_choice,38]
%0.00269256,0.00307534,0.00937005,0.134957,0.0734993,0.218313,0.0150003,0.114124,0.132214,0.126042,0.0518118,0.0433024,0.0350795,0.0190799,0.0143183,0.00712101,5.90615e-12,2.08547e-32,0,0,0
#[v_choice,39]
%0.00269257,0.00307532,0.00937018,0.134962,0.0735008,0.218318,0.0149992,0.114124,0.132215,0.126041,0.05181,0.0433,0.0350773,0.0190782,0.0143167,0.00711982,1.60453e-27,0,0,0,0
#[v_choice,40]
%0.00269257,0.00307532,0.00937018,0.134962,0.0735009,0.218318,0.0149992,0.114124,0.132215,0.126041,0.05181,0.0433,0.0350773,0.0190781,0.0143166,0.00711981,0,0,0,0,0
#[v_choice,41]
%0.00269256,0.00307531,0.00937016,0.134962,0.0735008,0.218317,0.0149993,0.114124,0.132215,0.126041,0.0518101,0.0433002,0.0350775,0.0190783,0.0143168,0.00711991,2.64197e-20,0,0,0,0
#[v_choice,42]
%0,0.000859116,0.0578907,0.0836458,0.055238,0.119728,0.14493,0.143058,0.141033,0.101552,0.0710106,0.0471138,0.0336699,0.000271177,3.16241e-25,1.96388e-42,0,0,0,0,0
#[v_choice,43]
%0,0.00127695,0.0269256,0.0375507,0.00422535,0.052903,0.234142,0.12254,0.187669,0.155227,0.0183119,0.0606073,0.0986202,1.69157e-07,9.78474e-34,0,0,0,0,0,0
#[v_choice,44]
%0,0.00127696,0.0269259,0.0375511,0.00422538,0.0529034,0.234144,0.122541,0.18767,0.155226,0.018311,0.060606,0.0986184,1.604e-07,0,0,0,0,0,0,0
#[v_choice,45]
%0,2.31488e-06,0.068682,0.0435127,0.0220775,0.310368,0.0362106,0.0539011,0.208845,0.070176,0.0598794,0.0444919,0.0413307,0.012411,0.0136002,0.0145113,7.52141e-12,4.86198e-28,2.94722e-46,0,0
#[v_choice,46]
%0,0,3.09595e-05,0.117429,0.106385,0.228854,0.111286,0.160205,0.15646,0.0586651,0.011825,0.0160334,0.0328254,1.19935e-15,1.08101e-25,8.29482e-38,0,0,0,0,0
#[v_choice,47]
%0.000434005,0.010024,0.00176387,0.180504,0.0376783,0.193785,0.0761047,0.15407,0.0984621,0.147174,0.00156587,0.0388194,0.0195501,0.00738131,0.0222705,0.0104123,1.18558e-12,3.29209e-29,1.21931e-47,0,0
#[v_choice,48]
%0.000434011,0.0100241,0.00176384,0.180506,0.0376777,0.193786,0.0761037,0.154071,0.0984626,0.147175,0.00156554,0.0388188,0.0195497,0.00738092,0.02227,0.010412,6.75363e-38,0,0,0,0
#[v_choice,49]
%0.000306689,0.00411554,0.0156488,0.00949262,0.134648,0.127275,0.068175,0.152188,0.246319,0.0698695,0.0662691,0.0575901,0.0123417,0.0221931,0.0135577,9.06766e-06,1.40621e-24,1.44906e-37,1.96004e-53,0,0
#[v_choice,50]
%0,0,0.00448294,1.97916e-05,0.0534648,0.181968,0.112578,0.131117,0.310308,0.0864501,0.0271953,0.0363449,0.0249798,0.00156834,0.0295238,5.06201e-10,3.11941e-15,7.88284e-34,0,0,0
#[v_choice,51]
%0,0,0.00448304,1.97862e-05,0.0534659,0.181972,0.112579,0.131118,0.310313,0.0864485,0.0271927,0.0363419,0.0249765,0.0015676,0.0295218,1.04235e-10,1.48048e-24,0,0,0,0
#[v_choice,52]
%0,3.60348e-07,0.0140764,0.00433277,0.109685,0.154366,0.0547326,0.140153,0.251399,0.117529,0.0676991,0.0486894,0.0132593,0.0090726,0.0150055,4.27027e-10,1.33277e-33,1.7276e-48,0,0,0
#[v_choice,53]
%0,3.60324e-07,0.0140768,0.00433281,0.109688,0.15437,0.0547329,0.140154,0.251402,0.117528,0.0676968,0.0486868,0.0132573,0.0090708,0.0150035,2.04213e-11,0,0,0,0,0
#[v_choice,54]
%0,3.92708e-07,0.00312179,0.000241532,0.126893,0.174658,0.12054,0.160907,0.254722,0.0396728,0.0549643,0.0303932,0.00758894,0.0129185,0.0133781,6.15694e-12,1.16084e-33,0,0,0,0
#[v_choice,55]
%0.000373107,3.26023e-09,0.00989374,0.0199637,0.0560658,0.186973,0.113915,0.144299,0.265372,0.05694,0.0703266,0.0392026,0.00566786,0.0129129,0.0180929,8.24619e-07,8.83745e-30,7.42203e-46,0,0,0
#[v_choice,56]
%0.00646749,2.28069e-09,0.000330646,0.000202786,0.044316,0.0651381,0.191528,0.240225,0.34065,1.68333e-06,2.57663e-05,3.40517e-06,2.56004e-08,0.111111,1.01822e-17,9.28137e-12,9.60141e-34,0,0,0,0
#[v_choice,57]
%0,1.15962e-06,5.80981e-07,9.75258e-08,0.134921,0.169883,0.0783062,0.215062,0.200548,0.113698,0.0607774,0,0,0.0268015,3.0326e-17,1.29978e-27,8.30594e-47,0,0,0,0
#[v_choice,58]
%0.00163414,0,0.00525291,0.0116832,0.00488159,0.0487818,0.140597,0.0817594,0.0102671,0.14026,0.184413,0.142371,0.115263,0.0258565,0.0713691,0.0156102,1.43204e-12,1.54299e-33,3.67493e-51,0,0
#[v_choice,59]
%0.000696259,3.35673e-08,0.0105578,0.0348737,0.0259126,0.0123311,0.1678,0.134095,0.0699249,0.12175,0.156137,0.134851,0.0531508,0.0254168,0.0356051,0.0168949,3.84448e-06,5.20918e-23,1.65603e-34,5.74217e-47,0
#[v_choice,60]
%0.000696267,3.33808e-08,0.010558,0.0348746,0.0259129,0.0123311,0.167804,0.134097,0.0699248,0.12175,0.156138,0.13485,0.0531488,0.0254149,0.0356029,0.0168932,3.80542e-06,0,0,0,0
#[v_choice,61]
%0,0.000502456,0.0102405,0.0141365,0.0549151,0.0411674,0.100824,0.134511,0.122618,0.0975918,0.122241,0.158661,0.0588226,0.0277215,0.0368665,0.0191802,6.47397e-10,9.52024e-32,2.64072e-47,0,0
#[v_choice,62]
%0.00043845,3.94745e-08,0.00827878,0.0192443,0.0246924,0.0259501,0.147604,0.14424,0.0658893,0.108736,0.182037,0.137447,0.0316847,0.0275741,0.0431687,0.0330142,1.73738e-08,1.4023e-43,0,0,0
#[v_choice,63]
%0.00124009,1.10791e-07,0.0234104,0.0543829,0.0697407,0.0494269,0.144621,0.182102,0.0733719,0.136651,0.119868,0.0648905,0.0248672,0.0207386,0.0191232,0.0155649,2.42338e-18,0,0,0,0
#[v_choice,64]
%0.00124008,1.10825e-07,0.0234103,0.0543828,0.0697406,0.0494269,0.144621,0.182102,0.0733722,0.136651,0.119868,0.0648905,0.0248673,0.0207387,0.0191233,0.015565,9.57027e-24,0,0,0,0
#[v_choice,65]
%0,0.00558124,0.00971084,0.0568289,0.0386467,0.0390151,0.16882,0.109349,0.039638,0.132477,0.17322,0.0953801,0.0418191,0.0265319,0.0467804,0.0162013,5.57027e-09,1.62408e-18,2.24447e-34,2.50706e-47,0
#[v_choice,66]
%0,0,0.0152627,0.019077,0.052806,0.0155347,0.121462,0.141117,0.0538839,0.0927394,0.225782,0.0949745,0.0623319,0.000689104,0.0644517,0.039889,6.54238e-11,2.82182e-29,2.27981e-46,0,0
#[v_choice,67]
%0,0.00438805,0.0252612,0,0.0891365,0.056115,0.0174289,0.192724,0.0650164,0.170017,0.111521,0.118382,0.0891488,0.00316315,0.032129,0.0255684,9.38654e-12,1.14412e-29,6.49079e-47,0,0
#[v_choice,68]
%0,0,0,0,0,0,5.58192e-05,0.999944,1.77239e-12,1.06279e-16,5.42478e-20,3.20574e-30,0,0,0,0,0,0,0,0,0
#[v_choice,69]
%0,0.000626317,0.00272495,0.0167253,0.00159547,0.169176,0.149495,0.0674168,0.133353,0.293613,0.0410887,0.0673432,0.0262955,0.00463583,0.00742061,0.0184901,4.11531e-08,1.87545e-31,6.76668e-50,0,0
#[v_choice,70]
%0,0.000626347,0.00272508,0.0167261,0.00159554,0.169183,0.149501,0.0674191,0.133358,0.293625,0.0410891,0.0673436,0.0262733,0.00463345,0.00741447,0.0184869,3.69757e-08,0,0,0,0
#[v_choice,71]
%0,0,0,0,0,1,2.23635e-09,1.98301e-20,8.50369e-32,0,0,0,0,0,0,0,0,0,0,0,0
#[v_choice,72]
%0,0.00669052,0.0290696,0.102879,0.0083238,0.256352,0.20351,0.0912786,0.0936496,0.179693,0.00814524,0.0200914,0.000315148,1.32368e-07,9.6918e-07,1.21971e-06,3.45483e-31,0,0,0,0
#[v_choice,73]
%0,0.00201625,0.00247379,0.00897012,0.00479236,0.124966,0.168702,0.0621559,0.155671,0.291639,0.0531407,0.047995,0.0366491,0.0062678,0.0177945,0.0167656,7.42686e-13,2.50989e-33,6.76777e-53,0,0
#[v_choice,74]
%0,0,0,0,0,0,0,0,0,0,0,0,0,0,0,0,0,0,0,0,0
#[v_choice,75]
%0,0,0,0,0,0,0,0,0,0,0,0,0,0,0,0,0,0,0,0,0
#[v_choice,76]
%0,0.0005823,0,0.00790916,0.980729,0.0107796,1.80276e-10,3.46913e-10,7.78044e-12,8.91232e-17,2.44448e-31,0,0,0,0,0,0,0,0,0,0
#[v_choice,77]
%0.00376799,0,0,1.32756e-11,0.000763845,0.124476,0.199122,0.0571123,0.12973,0.314071,0.0493231,0.0710925,0.0319479,0.00431692,0.00176822,0.0125088,5.6391e-13,9.49839e-32,3.24918e-50,0,0
#[v_choice,78]
%0,0.000653631,8.28016e-08,0.0173284,6.47538e-05,0.166975,0.153455,0.0529921,0.141806,0.278285,0.0322182,0.0737699,0.0397249,0.00991866,0.0167771,0.0160302,2.45941e-11,4.85415e-32,7.33922e-49,0,0
#[v_choice,79]
%0,0.000387763,0.00322515,0.0195011,3.41763e-05,0.0884088,0.170923,0.112,0.0838563,0.302858,0.0811212,0.0638621,0.0159732,0.00660889,0.0165363,0.0347047,1.19574e-11,3.19386e-30,3.30282e-46,0,0
#[v_choice,80]
%0.00304535,0.00492359,0.000440589,0.0323726,8.88479e-06,0.195807,0.0809276,0.0799795,0.159876,0.262885,0.07667,0.0597798,0.0432848,1.25263e-10,0,0,1.19441e-29,0,0,0,0
#[v_choice,81]
%0,0.00362168,0.00982117,0.0256774,0.000397713,0.119191,0.136401,0.0660632,0.141436,0.33298,0.0552526,0.0400325,0.0101986,0.0458438,1.82919e-06,0.013081,3.70144e-11,3.15327e-29,1.07815e-45,0,0
#[v_choice,82]
%0,0,0.0197942,0.0662188,0.000118784,0.150086,0.538415,0.00683391,0.0110941,0.065523,0.00389348,0.137883,7.038e-05,6.89285e-05,1.05831e-09,2.40656e-21,1.36576e-29,0,0,0,0
#[v_choice,83]
%4.29698e-05,0.000122841,0.00403904,0.0098208,0.00606708,0.136813,0.158575,0.0940584,0.162868,0.246841,0.0797085,0.0383491,0.0288607,0.0121563,0.0103924,0.011286,2.44237e-13,3.24383e-33,1.4399e-50,0,0
#[v_choice,84]
%4.29737e-05,0.000122852,0.00403935,0.0098216,0.00606757,0.136824,0.158588,0.094066,0.162881,0.246861,0.0796771,0.0383433,0.0288367,0.0121521,0.0103906,0.0112854,0,0,0,0,0
#[v_choice,85]
%4.29737e-05,0.000122852,0.00403935,0.0098216,0.00606757,0.136824,0.158588,0.094066,0.162881,0.246861,0.0796771,0.0383433,0.0288367,0.0121521,0.0103906,0.0112854,0,0,0,0,0
#[v_choice,86]
%4.29734e-05,0.000122851,0.00403934,0.00982155,0.0060676,0.136824,0.158587,0.0940659,0.16288,0.24686,0.0796778,0.0383442,0.0288373,0.0121526,0.010391,0.0112856,1.19698e-14,0,0,0,0
#[v_choice,87]
%0.00279487,0.00796923,0.044374,0.173807,0.0329809,0.569129,0.0563761,0.0104984,0.0698566,0.0252199,0.0064419,0.000427025,2.22342e-06,0.000108234,1.5454e-05,1.68452e-07,1.06571e-18,7.43736e-37,0,0,0
#[v_choice,88]
%0,0,0,0,0.266346,0.052697,0.0601248,0.125632,0.268488,0.0479828,0.0529258,0.0455665,0.0494807,0.015703,0.0150538,1.05507e-09,1.12676e-27,8.23872e-45,0,0,0
@d_5_del
$Dim[3,21]
#[d_gene,0]
%0.0115905,0.00886025,0.0669575,0.0207278,0.0885615,0.135381,0.154383,0.101876,0.15293,0.100208,0.0631898,0.0481911,0.0449959,0.000963317,0.000310442,0.000577384,0.000296103,0,0,0,0
#[d_gene,1]
%0.000904229,0.00313288,0.0341006,0.01904,0.132409,0.114493,0.108836,0.0548994,0.140533,0.0866004,0.0545932,0.061034,0.0925263,0.0260139,0.0272111,0.0201556,0.0194664,0.000937229,0.000995614,0.000808257,0.00130936
#[d_gene,2]
%0.000487146,0.00044935,0.0247468,0.00876489,0.0702983,0.0704042,0.0724844,0.0465093,0.117919,0.0754631,0.0489377,0.0618115,0.0773885,0.0824454,0.0649313,0.0749073,0.0213057,0.00393587,0.00390613,0.0120662,0.0608382
@d_3_del
$Dim[3,21,21]
#[d_gene,0],[d_5_del,0]
%0,0,0.00101091,0,0,5.22239e-05,2.85438e-05,0.0394364,0.00482739,0.00419277,0.000185953,0.000646121,0,0,0.00309541,2.37776e-06,2.56978e-05,0.00466177,0.0644871,0.484685,0.392662
#[d_gene,0],[d_5_del,1]
%0,0,0.0110204,0.00268899,4.70449e-05,0.00399362,0.000161257,0.0465522,0.0429041,0.00441668,0.0219181,0.0442094,0,0,5.43242e-05,0.00873821,0.078169,0.109995,0.0748491,0.550283,0
#[d_gene,0],[d_5_del,2]
%1.7342e-05,0,0.00178144,0.00791329,0.0297509,0.000489608,0.0480649,0.256775,0.0490148,0.203466,0.132353,0.133026,0,0,4.52571e-06,0.000899669,0.0197183,0.0162968,0.100429,0,0
#[d_gene,0],[d_5_del,3]
%0,0,2.15436e-06,0.000253674,0.0111158,0.00451323,0.0575313,0.161984,0.074029,0.130557,0.0802717,0.121312,0,0,5.15465e-06,0.000553651,0.127683,0.230188,0,0,0
#[d_gene,0],[d_5_del,4]
%6.0834e-07,1.75648e-06,0.00736482,0.00353583,0.0286086,0.0115401,0.106129,0.15017,0.0909605,0.269567,0.105028,0.1776,0,0,2.3685e-06,0.000496435,0.0489954,0,0,0,0
#[d_gene,0],[d_5_del,5]
%0,0.000508734,0.00248761,0.00588231,0.0354055,0.0138038,0.0512001,0.258539,0.0788493,0.230371,0.0455652,0.265782,1.70743e-06,9.59731e-07,0.000128509,0.0114746,0,0,0,0,0
#[d_gene,0],[d_5_del,6]
%0,0.000966874,0.00401385,0.00260861,0.0406393,0.0160219,0.0512296,0.33581,0.163195,0.201245,0.155765,0.0212897,0.000512449,6.14509e-05,0.00664146,0,0,0,0,0,0
#[d_gene,0],[d_5_del,7]
%0,1.60441e-05,0.00805889,0.00993129,0.0744474,0.02113,0.16609,0.340773,0.0479984,0.296009,0.0329055,0.0011802,0.000485439,0.000974472,0,0,0,0,0,0,0
#[d_gene,0],[d_5_del,8]
%0,6.92494e-06,0.0088976,0.00771813,0.0946143,0.0175409,0.0806388,0.359095,0.351194,0.0751942,0.00435789,0.000447125,0.000294988,0,0,0,0,0,0,0,0
#[d_gene,0],[d_5_del,9]
%0,9.36611e-07,0.00608925,0.0107682,0.0590718,0.0488519,0.160215,0.66805,0.0456086,0.000440983,0.000626137,0.00027743,0,0,0,0,0,0,0,0,0
#[d_gene,0],[d_5_del,10]
%1.8324e-07,0.00199252,0.0338976,0.0131186,0.082537,0.189379,0.677023,1.25359e-05,0.00150828,0.000110875,0.000421205,0,0,0,0,0,0,0,0,0,0
#[d_gene,0],[d_5_del,11]
%3.22335e-08,0.000401911,0.0240002,0.00192711,0.0823054,0.886297,1.14642e-05,2.843e-05,0.00439727,0.000630909,0,0,0,0,0,0,0,0,0,0,0
#[d_gene,0],[d_5_del,12]
%0,1.56522e-06,0.00468062,0.00068924,0.993222,4.14634e-05,3.90583e-05,3.44511e-05,0.00129193,0,0,0,0,0,0,0,0,0,0,0,0
#[d_gene,0],[d_5_del,13]
%0,1.4492e-08,0.00116736,0.0107734,0.929719,4.35168e-05,0.000470225,0.0578261,0,0,0,0,0,0,0,0,0,0,0,0,0
#[d_gene,0],[d_5_del,14]
%0,0,0,5.67421e-07,0.00332744,0.199009,0.797663,0,0,0,0,0,0,0,0,0,0,0,0,0,0
#[d_gene,0],[d_5_del,15]
%0,0,0,0.139263,0.220074,0.640664,0,0,0,0,0,0,0,0,0,0,0,0,0,0,0
#[d_gene,0],[d_5_del,16]
%0,0,0,0,1,0,0,0,0,0,0,0,0,0,0,0,0,0,0,0,0
#[d_gene,0],[d_5_del,17]
%0,0,0,0,0,0,0,0,0,0,0,0,0,0,0,0,0,0,0,0,0
#[d_gene,0],[d_5_del,18]
%0,0,0,0,0,0,0,0,0,0,0,0,0,0,0,0,0,0,0,0,0
#[d_gene,0],[d_5_del,19]
%0,0,0,0,0,0,0,0,0,0,0,0,0,0,0,0,0,0,0,0,0
#[d_gene,0],[d_5_del,20]
%0,0,0,0,0,0,0,0,0,0,0,0,0,0,0,0,0,0,0,0,0
#[d_gene,1],[d_5_del,0]
%0,0,0,0.279089,0.026129,0.427834,0.01644,0.0915562,0.00401844,4.44176e-09,2.3158e-05,0,0.000504682,0,0.120683,0.00050292,0,0,1.15613e-08,1.62437e-07,0.0332189
#[d_gene,1],[d_5_del,1]
%0,0,0.000197232,5.43619e-11,0.194969,0.00100285,0.102799,0.338857,0.0725965,0.0336266,0.00780639,0.000402036,0.000481097,9.25678e-08,0.00138749,0.0657856,0,0,5.06348e-07,4.52566e-05,0.180043
#[d_gene,1],[d_5_del,2]
%0,0,0.0201414,0.00245429,0.00889868,0.0339598,0.0205745,0.107431,0.0377408,0.151152,0.0508928,0.0975398,0.16529,0.058318,0.0349351,0.145588,0,0,8.65438e-06,0.000434454,0.064641
#[d_gene,1],[d_5_del,3]
%0,0,0.0132199,4.67697e-09,0.00316011,0.0340083,0.0981252,0.0890718,0.0950154,0.0242009,0.0729883,0.0444686,0.00414934,0.10203,0.0191707,0.174361,0,0,9.09157e-05,0.00129642,0.224643
#[d_gene,1],[d_5_del,4]
%0,0,0.00371176,0.00784888,0.000136631,0.0234812,0.0139816,0.0275571,0.0417475,0.0682034,0.0210272,0.031361,0.0408203,0.0112796,0.0246951,0.0746554,0,0,3.48328e-06,0.00962206,0.599868
#[d_gene,1],[d_5_del,5]
%0,0.000445889,0.00221379,0.0193565,0.000772902,0.0545818,0.093923,0.0952346,0.0669058,0.0866536,0.0696147,0.0793609,0.0743859,0.0187828,0.0282212,0.181201,4.75525e-06,4.45152e-06,0.00180035,0.126536,0
#[d_gene,1],[d_5_del,6]
%0,0.00701693,0.00455496,0.0220335,0.00623138,0.0811247,0.119848,0.109914,0.0378157,0.144727,0.0560574,0.0791012,0.103258,0.0147661,0.181065,0.00186737,0.00440952,0.000613594,0.0255959,0,0
#[d_gene,1],[d_5_del,7]
%2.28368e-07,0.0064869,0.037574,0.0191579,0.00199832,0.0682008,0.0697749,0.110051,0.0694012,0.161951,0.0508073,0.0486911,0.0175538,0.215998,0.0105845,0.013444,0.0778444,0.0204814,0,0,0
#[d_gene,1],[d_5_del,8]
%0.000548257,4.50575e-06,0.00119068,0.0408893,0.00303401,0.0834978,0.137413,0.0855179,0.12255,0.181234,0.0891944,0.0337546,0.196264,0.00972232,0.00366307,0.00355921,0.0079639,0,0,0,0
#[d_gene,1],[d_5_del,9]
%0.000689374,0.000527687,0.0264459,0.0245052,0.00643138,0.106192,0.175111,0.14355,0.0961305,0.140272,0.0127233,0.174714,0.0332586,0.0220096,0.0321081,0.00533144,0,0,0,0,0
#[d_gene,1],[d_5_del,10]
%0,0.00435469,0.0206334,0.0363013,0.00225733,0.137973,0.0935492,0.306263,0.0736376,0.0351525,0.240058,0.0443298,0.000660227,0.000726909,0.00410272,0,0,0,0,0,0
#[d_gene,1],[d_5_del,11]
%0,8.48508e-09,0.0216612,0.0481344,0.00318454,0.13235,0.154707,0.14415,0.0285819,0.433799,0.0256891,0.00492829,0.000166877,0.00264795,0,0,0,0,0,0,0
#[d_gene,1],[d_5_del,12]
%0.0072804,0.000180316,0.00846242,0.0323023,0.0154645,0.0580192,0.058073,0.0689054,0.696174,0.0443102,0.00583844,0.00384116,0.00114871,0,0,0,0,0,0,0,0
#[d_gene,1],[d_5_del,13]
%4.41083e-05,0.0231124,0.0143347,0.127371,0.0763443,0.129593,0.177467,0.441377,0.000134213,5.7999e-05,0.00462641,0.00553863,0,0,0,0,0,0,0,0,0
#[d_gene,1],[d_5_del,14]
%0.000169516,0.0287572,0.036612,0.217883,0.123117,0.168547,0.421425,2.27235e-06,6.04004e-06,5.52744e-05,0.00342529,0,0,0,0,0,0,0,0,0,0
#[d_gene,1],[d_5_del,15]
%1.59172e-05,0.00382268,0.0252729,0.16545,0.228116,0.570821,4.71938e-06,0.000507811,0.000181062,0.00580738,0,0,0,0,0,0,0,0,0,0,0
#[d_gene,1],[d_5_del,16]
%0.0666861,0.0766251,0.10125,0.132101,0.590874,1.13821e-05,0.00089044,0.0118822,0.0196802,0,0,0,0,0,0,0,0,0,0,0,0
#[d_gene,1],[d_5_del,17]
%0,0,0,0,0,0.000134612,0.00300954,0.996856,0,0,0,0,0,0,0,0,0,0,0,0,0
#[d_gene,1],[d_5_del,18]
%0,0,0.259663,0.141393,0.000264441,0.055943,0.542737,0,0,0,0,0,0,0,0,0,0,0,0,0,0
#[d_gene,1],[d_5_del,19]
%0,0,0,0.005018,0.0452568,0.949725,0,0,0,0,0,0,0,0,0,0,0,0,0,0,0
#[d_gene,1],[d_5_del,20]
%0,0,0,0,1,0,0,0,0,0,0,0,0,0,0,0,0,0,0,0,0
#[d_gene,2],[d_5_del,0]
%0,0,0,0,0.000230838,0,5.47911e-05,0.350545,0.0191249,1.00451e-08,1.92361e-05,0,5.88317e-05,0,0.619424,0.000536141,0,0,1.52576e-08,2.44046e-07,0.0100059
#[d_gene,2],[d_5_del,1]
%0,2.04229e-07,0.000473376,8.99381e-09,0.0369444,0.0109831,0.000294954,0.0129423,0.362024,0.125003,0.0740028,0.00291684,0.00183275,2.15533e-07,0.0171603,0.143518,0,0,1.07915e-05,0.000524719,0.211368
#[d_gene,2],[d_5_del,2]
%0.00222558,0.000160919,0.0267811,0.0175632,0.0190694,0.0323824,0.108412,0.154762,0.0244638,0.0888287,0.0559111,0.0995961,0.143851,0.0360078,0.0349709,0.137792,0,0,1.53717e-08,1.89188e-05,0.0172026
#[d_gene,2],[d_5_del,3]
%0,0.00486525,0.00207901,0.000478007,6.48623e-05,0.0362165,0.148471,0.0350131,0.110385,0.0273982,0.175672,0.0676438,0.00294143,0.0385979,0.0344356,0.198763,0,0,1.32417e-06,0.000636125,0.116338
#[d_gene,2],[d_5_del,4]
%0,0.00027042,0.0323248,0.00367047,0.0235862,0.0113746,0.164786,0.0986912,0.0366762,0.0679411,0.0266008,0.0492532,0.0380372,0.00673167,0.0399702,0.104212,0,0,1.24245e-07,0.00381005,0.292064
#[d_gene,2],[d_5_del,5]
%3.22897e-10,3.53764e-09,0.0258297,0.0196432,0.0328051,0.020278,0.180818,0.102165,0.0556236,0.0628937,0.0561605,0.0706058,0.0472446,0.0106712,0.0255369,0.249754,9.25962e-06,1.954e-07,0.000226289,0.0397347,0
#[d_gene,2],[d_5_del,6]
%1.79882e-08,0,0.0356902,0.0109294,0.00593021,0.0591782,0.193984,0.144518,0.0217641,0.0814017,0.0342345,0.0470582,0.0647002,0.0105715,0.283156,0.00199793,0.000160475,4.566e-05,0.00467928,0,0
#[d_gene,2],[d_5_del,7]
%0.0109424,0.00022742,0.0454339,0.00857377,0.0205706,0.0642233,0.175974,0.161006,0.0462628,0.0558252,0.0314497,0.0220432,0.0152824,0.21989,0.0124122,0.0272904,0.0782292,0.00436325,0,0,0
#[d_gene,2],[d_5_del,8]
%0.000816615,0.00226807,0.0359546,0.0147592,0.00116205,0.0525945,0.274613,0.0958653,0.0710574,0.094819,0.0649399,0.0207958,0.224803,0.0200871,0.0202022,0.00364797,0.00161382,0,0,0,0
#[d_gene,2],[d_5_del,9]
%5.78063e-05,0.00791986,0.084219,0.0097291,0.00959303,0.0969394,0.261052,0.125258,0.0451507,0.069321,0.00594264,0.189032,0.0806544,0.00874873,0.00510671,0.00127571,0,0,0,0,0
#[d_gene,2],[d_5_del,10]
%0,1.8236e-06,0.0549061,0.0263922,0.0374569,0.0708425,0.283193,0.11812,0.0595438,0.0250982,0.298841,0.0104343,0.000421318,0.00698765,0.00776153,0,0,0,0,0,0
#[d_gene,2],[d_5_del,11]
%0,3.0182e-06,0.0716664,0.0267511,0.0192009,0.0645093,0.212132,0.0296361,0.0280085,0.504989,0.0327349,0.00393815,0.000336913,0.00609329,0,0,0,0,0,0,0
#[d_gene,2],[d_5_del,12]
%5.72529e-06,8.93766e-06,0.0143684,0.000114541,0.0211902,0.0116989,0.0809779,0.0608284,0.712264,0.0828058,0.00501181,0.00147746,0.00924846,0,0,0,0,0,0,0,0
#[d_gene,2],[d_5_del,13]
%1.5486e-07,1.82716e-06,0.0162671,4.73628e-05,0.0611189,0.00715541,0.057804,0.846837,0.000216198,0.000349692,0.00169873,0.00850423,0,0,0,0,0,0,0,0,0
#[d_gene,2],[d_5_del,14]
%0.0041753,4.90402e-06,0.012359,0.000139005,0.0107294,0.00943718,0.85864,0.0371238,0.000445938,0.058951,0.00799496,0,0,0,0,0,0,0,0,0,0
#[d_gene,2],[d_5_del,15]
%3.95664e-06,2.82883e-06,0.00153078,0.000362148,0.0697677,0.820961,0.0875489,0.00905591,0.000245907,0.0105204,0,0,0,0,0,0,0,0,0,0,0
#[d_gene,2],[d_5_del,16]
%0.00134979,0.00763461,0.0360023,0.0104798,0.682151,0.0273344,0.00953904,0.151876,0.073633,0,0,0,0,0,0,0,0,0,0,0,0
#[d_gene,2],[d_5_del,17]
%0,0,0,0,0,0.00047011,0.00564085,0.993889,0,0,0,0,0,0,0,0,0,0,0,0,0
#[d_gene,2],[d_5_del,18]
%0,0,0.154976,0.0465072,0.000142741,0.0478704,0.750504,0,0,0,0,0,0,0,0,0,0,0,0,0,0
#[d_gene,2],[d_5_del,19]
%0,0,0,0.004434,0.114162,0.881404,0,0,0,0,0,0,0,0,0,0,0,0,0,0,0
#[d_gene,2],[d_5_del,20]
%0,0,0,0,1,0,0,0,0,0,0,0,0,0,0,0,0,0,0,0,0
@j_5_del
$Dim[15,23]
#[j_choice,0]
%0.000721186,6.97395e-07,0.0241088,0.045742,0.0647552,0.229002,0.0888822,0.133214,0.134169,0.133097,0.0638323,0.0475457,0.0270125,0.00665441,1.23184e-05,1.30252e-12,4.54266e-44,0,1.67163e-05,0.00123333,1.0583e-08,0,0
#[j_choice,1]
%2.53168e-07,0.000122316,0.0146405,0.000724444,0.0688587,0.0486565,0.0715806,0.101305,0.221928,0.125341,0.0912333,0.0905079,0.118086,0.0165837,0.0207486,0.00436024,0.00454132,1.20182e-08,0.000393485,0.000388252,1.17216e-08,0,0
#[j_choice,2]
%0.00516399,0.000514305,0.0484291,0.00117317,0.281667,0.0905672,0.121859,0.0786827,0.175919,0.063074,0.019948,0.0250924,0.0375971,0.0139312,0.00266621,0.0162091,0.00903847,1.88473e-05,0.00297786,0.00541309,5.85297e-05,0,0
#[j_choice,3]
%0.00319149,0.00206604,0.0190164,0.0411505,0.0811997,0.0274598,0.0580779,0.0443895,0.111309,0.108883,0.108212,0.116869,0.218134,0.00891151,0.0210636,0.0198506,0.00355909,0.00665543,7.31294e-08,0,0,0,0
#[j_choice,4]
%1.29453e-08,7.28869e-05,0.054486,0.0542809,0.0469022,0.0530213,0.1201,0.105056,0.0944643,0.110181,0.0983638,0.0815096,0.0107803,0.0314121,0.00342784,0.0157562,0.00729599,0.0029386,0.0564622,0.0534883,8.94114e-12,0,0
#[j_choice,5]
%0,0.0215736,0.0512511,0.0154721,0.0183016,0.0261728,0.0252454,0.0380144,0.0456796,0.0756864,0.0883352,0.144787,0.134082,0.108334,0.12932,0.0445448,0.00619233,0.0117226,0.00884989,0.0064344,6.31454e-07,0,0
#[j_choice,6]
%0,0.0215296,0.0511725,0.0154422,0.0182643,0.0261099,0.0251824,0.0379228,0.045588,0.0754938,0.0881044,0.144404,0.13382,0.108185,0.12911,0.0445011,0.00822119,0.0116974,0.00882741,0.00642329,6.29295e-07,0,0
#[j_choice,7]
%1.03303e-07,0.00899877,0.0391605,0.0143172,0.0462338,0.0417937,0.0477132,0.0758277,0.122268,0.105803,0.110284,0.0777902,0.115788,0.0718705,0.0808766,0.0200672,0.0208832,0.000324659,0,0,0,0,0
#[j_choice,8]
%1.49009e-05,0.00215536,0.00789038,0.000228849,0.105523,0.0708634,0.10527,0.132147,0.134571,0.136503,0.119335,0.11709,0.0277801,0.0251866,0.00192341,0.00940218,0.00259775,0,0.00151891,0,0,0,0
#[j_choice,9]
%1.36275e-06,2.45801e-08,0.0430276,0.0238364,0.0577178,0.115874,0.240485,0.0895875,0.139696,0.0932519,0.0835895,0.0386508,0.0206464,0.00837364,0.00804055,0.0362521,0.000277978,8.78751e-05,1.59849e-08,2.07106e-06,0.000601422,0,0
#[j_choice,10]
%0.000243281,0.002687,0.0945243,0.138455,0.0806305,0.174058,0.0499111,0.175043,0.0433091,0.0854916,0.0555112,0.0149058,0.0690319,0.000101129,0.000430888,0.00356247,1.613e-09,0.00660937,0.000969478,0.00407287,0.000452163,0,0
#[j_choice,11]
%0,1.24236e-08,0.0233544,0.00548385,0.00479339,0.0799752,0.199508,0.146304,0.144339,0.280559,0.0484762,0.0426325,0.00474765,0.017713,7.23862e-06,2.13542e-06,7.11864e-05,7.05178e-06,0.00179016,0.000234714,8.30505e-15,0,0
#[j_choice,12]
%2.45444e-05,0.00645685,0.0290845,0.0228002,0.340707,0.132721,0.185655,0.0825059,0.0916654,0.0245559,0.0317061,0.0201011,0.00177572,0.00726219,0.00149487,0.0120937,2.32829e-06,0.00411508,0.00256246,0.0027104,1.61045e-08,0,0
#[j_choice,13]
%0.000287626,0.00233423,0.0369784,0.00550417,0.0857289,0.0597593,0.150094,0.274237,0.158342,0.0985773,0.0953638,0.0265527,1.22795e-05,0.00042827,2.8608e-06,0.00034286,0.000151651,0.000138412,0.0051639,1.57955e-10,0,0,0
#[j_choice,14]
%0.000302518,0.00244885,0.0380091,0.00559213,0.0874266,0.0604304,0.150885,0.275267,0.158443,0.0981972,0.0957736,0.0263224,1.23164e-05,0.000443237,2.89094e-06,0.000332296,0.000110876,4.79734e-07,0,0,0,0,0
@vd_ins
$Dim[31]
#
%0.0491401,0.0464746,0.0876407,0.114832,0.131935,0.103866,0.0848592,0.0727421,0.0745247,0.0522718,0.0435044,0.0321667,0.0283755,0.0206131,0.0178388,0.00926261,0.00981231,0.00607029,0.00399289,0.00267445,0.00228231,0.00135948,0.000940377,0.00108891,0.000600819,0.000198246,0.000240998,0.000301774,5.54398e-05,6.99471e-07,0.000334056
@vd_dinucl
$Dim[16]
#
%0.288049,0.267051,0.255856,0.189045,0.163538,0.448316,0.197153,0.190992,0.240017,0.186942,0.368777,0.204265,0.232071,0.304531,0.198726,0.264672
@dj_ins
$Dim[31]
#
%0.0748033,0.0518276,0.0899043,0.113491,0.132737,0.107723,0.0889009,0.0755985,0.0574187,0.0456477,0.0385563,0.0315964,0.0214393,0.0167734,0.0154051,0.0110265,0.00555498,0.00689101,0.00427851,0.00247964,0.00297806,0.00101263,0.00167471,0.000447256,0.000825296,0.000435216,0.00039304,1.36901e-08,2.275e-05,0.000157872,0
@dj_dinucl
$Dim[16]
#
%0.292281,0.167118,0.328308,0.212293,0.23329,0.330745,0.197205,0.23876,0.237347,0.177068,0.41844,0.167144,0.216763,0.232406,0.263253,0.287578
