@v_choice
$Dim[63]
#
%0.0115392,0.00357732,0.00295999,0.0225269,0.00629863,0,0.00266765,0.0206002,0.051694,0.0718088,0.00570582,0,0.0398666,0.00400162,7.39591e-05,0.0243794,0.0230456,0.0048907,0.00636415,0.00341742,0.00359823,0.00322318,0.0033318,0.000521478,0.000296406,0.0516035,0.0717259,0.0159318,0.0215013,0.00180006,0.00159678,0.00237125,0.030219,0.0107017,0.0196798,0.0313621,0.00339966,0.000413143,0,0.00758982,0.0301737,0.00963797,0.00295936,0.00754124,0.0041587,0.0841598,0,0.0651811,0.0975176,0,0.00689225,0.0063914,0,0.00236213,0.000111482,0.00392738,0.00237125,0.0811412,0.005113,0.000922579,0.000517321,0.00160146,0.00103422
@j_choice
$Dim[63,9]
#[v_choice,0]
%0.051104,0.0678861,0.129371,0.0682034,0.0301962,0.177481,0.15496,0.0423697,0.278428
#[v_choice,1]
%0.0824805,1.35594e-05,7.35357e-06,1.10887e-07,0,0.0214074,0.822906,0.0198363,0.0533487
#[v_choice,2]
%0.00526817,0.0613935,0.000208992,0,0,0.121474,0.709994,0.0207811,0.0808806
#[v_choice,3]
%0.0789556,0.0567462,0.0482101,2.81589e-21,0.0299039,0.157895,0.313805,0.00856343,0.305921
#[v_choice,4]
%0.364926,0.109127,0.000343247,0.0156711,0.109932,0.0823529,0.249172,0.00965127,0.0588235
#[v_choice,5]
%0,0,0,0,0,0,0,0,0
#[v_choice,6]
%0.305556,0.0885207,0.00160549,0.0620133,0.0423049,0.222222,0.135916,0.0307502,0.111111
#[v_choice,7]
%0.266187,0.0297322,0.00108867,0.00725581,0.00875227,0.215827,0.293551,0.0157357,0.161871
#[v_choice,8]
%0.0386695,0.0880436,0.0570396,0.00313788,0.06049,0.20941,0.356118,0.0343976,0.152693
#[v_choice,9]
%0.234751,0.115376,0.0348302,0.0674029,0.0547695,0.139294,0.229069,0.019479,0.105029
#[v_choice,10]
%0.480519,0.1062,0.0292996,0.111254,0,0.0649351,0.194805,0,0.012987
#[v_choice,11]
%0,0,0,0,0,0,0,0,0
#[v_choice,12]
%0.43378,0.125289,0.0716495,0.00410436,0.109188,0.0799257,0.121086,0.0178035,0.0371747
#[v_choice,13]
%0.370357,0.0488042,0.022199,0.0192818,0.0578578,0.111107,0.277768,0,0.0926249
#[v_choice,14]
%0,0,0,0,0,0,0,0,1
#[v_choice,15]
%0.307027,0.117151,0.0431385,0.0459552,0.0526239,0.12766,0.201515,0.00766495,0.0972644
#[v_choice,16]
%0.0978803,0.0559475,0.0267509,0.0119541,0.0339648,0.215434,0.329139,0.0134953,0.215434
#[v_choice,17]
%0.363636,0.110242,0.10966,0.0186679,0.0190061,0.106061,0.161978,0.00468895,0.106061
#[v_choice,18]
%0.0496647,0.0943527,4.95548e-07,0.0184641,0.024238,0.1512,0.439459,0.0132609,0.20936
#[v_choice,19]
%0.11143,2.16653e-05,1.07673e-05,1.18863e-07,0,0.0291238,0.743729,0.0487592,0.0669255
#[v_choice,20]
%0.0246581,0,0,0,0.0372166,0.129397,0.531651,0.11447,0.162607
#[v_choice,21]
%0.0641492,0.195966,0.0693161,1.79007e-06,0,0.341737,0.0787881,6.25505e-05,0.24998
#[v_choice,22]
%0.066722,0.0889627,0,0,0,0.177925,0.333819,0,0.332571
#[v_choice,23]
%0,0,0,0,0,0,0.449557,0.259603,0.29084
#[v_choice,24]
%0,0.5,0,0,0,0,0.5,0,0
#[v_choice,25]
%0.0361209,0.0930427,0.0617819,0.00334921,0.0641866,0.203784,0.349242,0.0355904,0.152902
#[v_choice,26]
%0.182366,0.123868,0.0412871,0.0796887,0.0667401,0.139488,0.228426,0.0201328,0.118004
#[v_choice,27]
%0.0186047,0.11176,0.0101617,0.00946216,0.0174537,0.232558,0.32953,0.0425627,0.227907
#[v_choice,28]
%0.462111,0.129261,0.00467983,0.0269818,0.0498096,0.0793055,0.204161,0.00576704,0.0379233
#[v_choice,29]
%0.646168,0.0464418,1.38339e-06,0.0047013,0,0.00387996,0.175466,3.91541e-08,0.123341
#[v_choice,30]
%0.149315,0.239789,0.000110373,0.258083,0,0.273545,0.00507113,0.074086,0
#[v_choice,31]
%0.28125,0.156914,0,0,0.061836,0.03125,0.217578,0.00117155,0.25
#[v_choice,32]
%0.140646,0.0861831,0.067299,0.0108966,0.0478875,0.13772,0.343556,0.0274494,0.138363
#[v_choice,33]
%0.166062,0.121976,0.0700642,0.0208179,0.0155344,0.096807,0.213149,0.0219814,0.273608
#[v_choice,34]
%0.180802,0.218948,0.0116401,0,0.0519421,0.150686,0.229773,0,0.156208
#[v_choice,35]
%0.248241,0.162511,0.0437814,8.80697e-05,0.0442357,0.130031,0.212431,0.00503558,0.153646
#[v_choice,36]
%0.108313,0.276569,0.0810307,0.00942353,0.104625,0.413644,0.000543493,0,0.00585181
#[v_choice,37]
%0.896803,2.29419e-05,0,0,7.30176e-07,3.67667e-07,0.102808,0,0.000364484
#[v_choice,38]
%0,0,0,0,0,0,0,0,0
#[v_choice,39]
%0,0.11578,0,0,0.0111416,0.224555,0.443514,9.30567e-07,0.205009
#[v_choice,40]
%0.139423,0.100517,0.0970363,0.0153702,0.0617557,0.129759,0.288574,0.0261723,0.141394
#[v_choice,41]
%0.138477,0.0841532,0.0310444,0.0764504,0.0160722,0.130744,0.338438,0,0.184621
#[v_choice,42]
%0.0748444,0.0749944,0.0199428,0.0548752,0,0.225229,0.375151,0,0.174963
#[v_choice,43]
%0.176251,0.189122,1.8702e-19,4.05414e-09,0.0362077,0.0979349,0.217931,0.0469967,0.235558
#[v_choice,44]
%0.196551,0.163984,0.0161915,0.0542218,0.0571291,0.000404556,0.427182,2.78214e-05,0.0843085
#[v_choice,45]
%0.094515,0.0602566,0.0519461,0.0546752,0.0364563,0.147668,0.318544,0.0237426,0.212197
#[v_choice,46]
%0,0,0,0,0,0,0,0,0
#[v_choice,47]
%0.333965,0.0655033,0.0964711,0.0716166,0.0588387,0.086525,0.163581,0.0370263,0.0864731
#[v_choice,48]
%0.191174,0.105839,0.0901057,0.0263397,0.0355249,0.152736,0.229538,0.0190473,0.149696
#[v_choice,49]
%0,0,0,0,0,0,0,0,0
#[v_choice,50]
%0,2.84607e-16,0.0393896,0,0.0465886,0.182805,0.425314,0.01555,0.290353
#[v_choice,51]
%0.0231871,0.138556,7.93176e-19,0,0,0.200407,0.340905,0.0303511,0.266594
#[v_choice,52]
%0,0,0,0,0,0,0,0,0
#[v_choice,53]
%0.0950459,0.228611,0.13108,0.000627377,0.034955,0.0593231,0.295491,0,0.154867
#[v_choice,54]
%0,0,0,0,0,0,1,0,0
#[v_choice,55]
%0.0782936,0.11368,0.0527244,0.00241863,0.130242,0.0754717,0.283484,0.0372704,0.226415
#[v_choice,56]
%0.21875,0.150495,0.0962101,0,0.0345446,0.09375,0.217472,0.00127764,0.1875
#[v_choice,57]
%0.220998,0.137153,0.0352546,0.0300081,0.0483752,0.186301,0.226711,0.0284416,0.086758
#[v_choice,58]
%0.39142,0.411887,0.000332353,0,0.0514326,0.057971,0.0869144,4.21695e-05,0
#[v_choice,59]
%0.376586,0.244581,0.000110562,0.0101958,0,0.240944,0.112757,0.0137097,0.00111538
#[v_choice,60]
%0.429839,0.224217,0,0.0618937,0,0.143263,0.140786,0,0
#[v_choice,61]
%0.153305,0.00535175,0.0217077,0.288961,0,0,0.265548,0.0399273,0.2252
#[v_choice,62]
%0.0714655,3.3854e-16,1.30748e-17,0.0716103,0,0.071652,0.511496,0.12194,0.151837
@v_3_del
$Dim[63,21]
#[v_choice,0]
%0,0.0109422,0.00614644,0.00724471,0,0.189462,0,0.551812,0.156819,2.36813e-05,0.0329373,3.02237e-06,0,0,0.0446097,2.2105e-13,6.71197e-23,0,2.37475e-16,1.09926e-15,4.02539e-15
#[v_choice,1]
%0,0,0,0.0104904,0,0.00991344,0.000259692,0.504824,0.0416064,0.00258571,0.00125176,0.281324,0.0178657,5.37663e-05,0.00273722,0.0128087,0,0,0.00477116,0.0239196,0.0855877
#[v_choice,2]
%9.64824e-06,0,0,0,0.0755941,0.265284,0.0209376,0.281605,0.123237,0.123488,0.037583,0.0277251,0,0,6.08841e-08,0.000162841,0,0,0.00762685,0.0367463,3.08496e-10
#[v_choice,3]
%0,0,0.000146785,0.0500058,0.000339059,0.208496,0.0335635,0.411321,0.143612,0.0264518,0.0504601,0.0197154,0.010608,0.00772801,0.0243667,0,0.00307939,0.00351722,0,0,0.0065895
#[v_choice,4]
%0,0.011443,0,0,0,0.18884,0.0003099,0.481702,0.041548,0.0851246,0.031922,0.0531155,0,0,0,0.011117,0.0122574,0,0.0232251,0,0.0593952
#[v_choice,5]
%0,0,0,0,0,0,0,0,0,0,0,0,0,0,0,0,0,0,0,0,0
#[v_choice,6]
%0,0,0,0.0676638,0,0.259794,0.0556538,0.442337,0,0.03565,0,0,0,0,0.0274698,0,0.0229339,0.0321862,0.0309569,0,0.0253539
#[v_choice,7]
%0,0.000282688,0,0.0281112,0.00102086,0.161376,0.029788,0.418399,0.152707,0.0576949,0.0206184,4.23329e-06,0.0455628,0.00847683,0.0287974,0.00722793,0.0110053,0,0.00983713,0.0112861,0.00780434
#[v_choice,8]
%8.82195e-05,0.0047966,8.1096e-05,0.0467256,0.0146414,0.175389,0.00220007,0.388983,0.179601,0.0336145,0.00908554,0.0672112,0.00364694,0.0153039,0.000684819,0.0081846,0.00155939,0.00562799,0.0316445,0.00140761,0.0095226
#[v_choice,9]
%0.00317172,0.00366332,0.00250363,0.0175116,5.49064e-05,0.149207,0.0409208,0.371496,0.182876,0.0590734,0.0374981,0.00533509,0.0145406,0.00368319,0.0345662,0.0432314,0.00100651,0.00555171,0.000719347,0.00024067,0.0231487
#[v_choice,10]
%0,0,0,0.0166051,0.0603783,0.0373663,0.0377225,0.139391,0.0741812,0.22712,0.181441,0.0320217,0.0419162,0.0312203,0.0653193,0.0293412,0,0,0,0.011356,0.0146197
#[v_choice,11]
%0,0,0,0,0,0,0,0,0,0,0,0,0,0,0,0,0,0,0,0,0
#[v_choice,12]
%0,0,0.00719847,0.027835,0.0102707,0.0371177,7.25852e-05,0.200631,0.0538528,0.183398,0.213667,0.107515,0.0379836,0.017082,0.0130298,0.0208909,0.00971624,0.0156869,0.0103333,0.00195606,0.0317615
#[v_choice,13]
%0,0,0,0.00155143,0.0522781,0.00165344,0,0.709036,0.0280704,0.0766052,0,0.0197017,0,0,0,0.0324778,0,0.0564764,0.0221492,6.19405e-38,0
#[v_choice,14]
%0,0,0,0,0,0,0,1,7.89475e-12,6.16042e-29,1.96604e-37,0,0,0,0,0,0,0,0,0,0
#[v_choice,15]
%0,0,0,0.0586094,0.000279574,0.179685,4.58649e-05,0.53312,0.0942246,0.0338846,0,0.0172175,0.00314944,0,0.0234062,0.00962825,0.00901716,0.00858056,1.49357e-05,0.0145967,0.0145397
#[v_choice,16]
%0,0,0.00351095,0.00827962,7.38399e-05,0.172494,0.00231406,0.558023,0.103401,0.0468919,0.00254285,0.0126656,0.0245746,0.00369353,0.0181302,0.00711988,0.00586784,0.00738803,0,0.0141845,0.0088444
#[v_choice,17]
%0,0,0.0128892,0.0409781,7.43314e-05,0.088878,0.00846499,0.517802,0.0219662,0.0585867,0.0297142,0,0.0293789,0.000539723,0.0973249,0.0176078,0,0,0,0.0590989,0.0166956
#[v_choice,18]
%0,0,0,0.00605915,0.0378161,0.0275115,0,0.631749,0.138418,0.00385903,0.0278213,0.0643813,0.0274112,0,0,0.0233349,0,0,0,0.011639,4.64573e-32
#[v_choice,19]
%0,0,0,0.00697345,0,0.00851861,0.000228627,0.542453,0.0580848,0.00411788,0.00126122,0.249245,0.0365031,2.43841e-05,0.00763289,0.00918499,0,0,0.00316022,0.0158845,0.0567271
#[v_choice,20]
%0,0,0,0.0479362,0.0467584,0.101032,0.0140083,0.186255,0.172459,0.0903513,0.0792755,0.0222574,0,0.0400416,0,0.000272825,0,0.0146985,0.000534166,0.155795,0.028324
#[v_choice,21]
%0.0459502,0,0,1.04745e-05,0.097763,0.0209119,0.0208643,0.56584,0.12769,0.0140968,0.000115364,1.51206e-06,0,0,0.0229975,0.025031,0,0,0.058615,0.000112508,0
#[v_choice,22]
%0,0,0,0,0.0325252,0.10008,0.0896505,0.41815,0.260941,0.0319055,0,0,0,0,0.0219782,0,0.0225057,0,0,0.0222637,6.64145e-35
#[v_choice,23]
%0,0,0,0.127661,0,0.42274,0,0.122708,0.326891,2.3059e-11,4.57933e-24,5.32238e-50,0,0,0,0,0,0,0,0,0
#[v_choice,24]
%0,0,0,0,0,0.169919,0.126057,0.704024,3.34307e-08,6.65314e-23,2.98253e-36,0,0,0,0,0,0,0,0,0,0
#[v_choice,25]
%8.78832e-05,0.00467178,7.63899e-05,0.0487487,0.0146212,0.178586,0.00220744,0.394994,0.179691,0.0315859,0.00865536,0.0623606,0.00349844,0.0142714,0.000598091,0.00691871,0.00155687,0.00534896,0.0293419,0.00180254,0.010376
#[v_choice,26]
%0.00453995,0.00370962,0.00279439,0.0214782,5.79229e-05,0.16604,0.0406382,0.392367,0.180034,0.0566391,0.0355751,0.00538386,0.0115915,0.00245007,0.0262826,0.0236641,0.000581283,0.00375797,0.000831681,0.000210465,0.0213733
#[v_choice,27]
%0,0,0.0102202,0,0,0.28547,0.109362,0.328114,0.179464,0.0286088,0.00529654,0.0064002,0.00505258,0,0.00476915,0,0.00354068,0,0.00973778,0.00806183,0.0159028
#[v_choice,28]
%0,0,0.0137912,0.0188621,0.000132363,0.202072,0.0110517,0.577584,0.0865831,0.00379537,0.00333981,0.0272922,0,0.00262463,0.00711124,0.0106043,0.00739352,0,0.00174536,0.00933722,0.0166799
#[v_choice,29]
%0,0,0,0,0.0034775,0.225764,0.000503728,0.24252,0.310205,0.0476891,0.046863,0,0,0,0.0404685,0,0.0825096,0,3.67651e-08,0,3.16289e-14
#[v_choice,30]
%0,0,0.00117912,0.0850009,0.00133216,0.0960526,0.000434078,0.670783,0.0515093,0.000118501,1.90819e-05,0,0,0,0,0,0,0,0.0465254,0,0.0470463
#[v_choice,31]
%0,0,0,0.00403172,0.138536,0.250576,0.0387364,0.210539,0.105503,0,0,0.126982,0,0.0546791,0.0704165,8.40443e-12,1.69469e-42,0,0,0,0
#[v_choice,32]
%0.00282388,0.00173287,0.00175994,0.0250374,0.00260707,0.17627,0.0159884,0.281983,0.102227,0.0460485,0.172371,0.0849641,0.037841,0.00906563,0.00760469,0.00522322,0.000769079,0.0062247,0.000673204,0.00522481,0.0135602
#[v_choice,33]
%0,0.00552077,1.11083e-05,0.0157479,0.0961681,0.194732,0.0119369,0.271461,0.0468076,0.0708287,0.0978628,0.0729561,0.049759,0,0.0232328,4.67776e-09,0.00759651,0.00712994,0,0.0140967,0.0141515
#[v_choice,34]
%0.00184009,0.0109071,0.0288574,0.00925319,0.00764078,0.193059,0.0194963,0.219077,0.138111,0.0287804,0.0946881,0.16512,0.0227635,0.00563288,0.00883408,0.0188437,0.00387984,0.00408765,0.000418881,0.0118351,0.00687394
#[v_choice,35]
%0,0.00979251,0.000371901,0.119214,0.117115,0.154072,0.0181903,0.246158,0.140137,0.000253198,0.0631831,0.0242256,0.061182,0.00105732,0.0285836,0,0.00216173,0,0.00251686,0.000515632,0.0112699
#[v_choice,36]
%0,0,0,0.044389,5.6495e-06,0.0178242,0.0636045,0.440538,0.00574947,0.0562244,0.0964194,0.0955799,0.0489777,0.0282842,0,1.45645e-06,0,0.033514,0,0.0688885,7.33461e-09
#[v_choice,37]
%0,0,0,0,0.149929,8.95079e-07,0.42312,0,0.420147,0.00680344,2.47529e-13,0,0,0,0,0,0,4.80681e-09,1.34615e-34,0,0
#[v_choice,38]
%0,0,0,0,0,0,0,0,0,0,0,0,0,0,0,0,0,0,0,0,0
#[v_choice,39]
%0,0,0,0.0140622,0.0302534,0.104383,0.000186821,0.360453,0.216991,0.139438,0.0740677,0.0406341,0,0,0,0,0.0192614,0.00026851,0,0,0
#[v_choice,40]
%0.00177266,0.0024102,0.00303386,0.0411846,0.00275793,0.18928,0.0174912,0.301198,0.0887119,0.040753,0.164382,0.0852398,0.0215557,0.00534686,0.00941063,0.00433156,0.000619451,0.00473022,0.000369601,0.00311071,0.0123101
#[v_choice,41]
%0.0072683,0,0,0.0475851,0.0490695,0.162427,0.0575644,0.376638,0.0511351,0.0340212,0.102329,0.0484227,0.016087,0.00825683,0.00826875,0,0.00738657,0.0075827,0,0.0159564,5.17991e-07
#[v_choice,42]
%0,0,0.00652345,0.0555969,0.00146168,0.142,0.0316321,0.348382,0.223701,0.0212731,0.0318252,0.0624062,0,0,0.024983,0,0,0.0245011,0,0.0257144,3.51845e-23
#[v_choice,43]
%0,0,0.000240604,0.146467,0.0170838,0.27195,0.0557228,0.166432,0.174253,0.0291478,0.0384948,0,0.0396732,6.46083e-05,0.037978,0.0224927,0,0,4.87531e-24,1.44249e-55,0
#[v_choice,44]
%0,0,0,0.0988471,0.0750241,0.299936,0.0367645,0.225268,0.202363,0.000307077,0.00199006,0.000133173,0,0,0,0.0360144,0,0.00460368,0,0,0.018749
#[v_choice,45]
%0.00182025,0,0.0196566,0.135344,0.074556,0.192562,0.0380346,0.219074,0.110409,0.048468,0.0384759,0.0457784,0.0128389,0.00927007,0.00907757,0.0123487,0.00386815,0.0121736,0.00769843,0.00229862,0.00624716
#[v_choice,46]
%0,0,0,0,0,0,0,0,0,0,0,0,0,0,0,0,0,0,0,0,0
#[v_choice,47]
%0.000627973,8.27851e-05,0.000504151,0.220214,0.111607,0.154068,0.0112577,0.311127,0.0534334,0.0208389,0,0.0265334,0.0465051,0.00276697,0,0.00995259,0.012315,0.00258566,0.00689484,0.00396524,0.0047196
#[v_choice,48]
%0,0.0034798,0.0010078,0.0559153,0.00592542,0.141047,0.0538869,0.326639,0.163398,0.067315,0.10134,0.00890818,0.0256756,0.0015447,0.00735662,0,0.00503707,0.0035868,0.00418549,0.00124232,0.0225099
#[v_choice,49]
%0,0,0,0,0,0,0,0,0,0,0,0,0,0,0,0,0,0,0,0,0
#[v_choice,50]
%0,0.000343507,0.0379629,0.0156094,0.08838,0.0566965,0.184575,0.0397249,0.216183,0.0446328,0.158449,0.0661894,0,0.0480232,0,0.0216678,0,0,0.0215632,7.08802e-29,0
#[v_choice,51]
%0,0,0.00658647,0.00414217,0.0732105,0.0565568,0.19858,0.0451584,0.370675,0.0461037,0.0761695,0.0273789,0,0.0254059,1.01123e-06,0.0021942,0.0445414,0,0,0.00898813,0.0143078
#[v_choice,52]
%0,0,0,0,0,0,0,0,0,0,0,0,0,0,0,0,0,0,0,0,0
#[v_choice,53]
%0,0,0,0.236375,0.0322079,0.0419336,0.109931,0.138968,0.20711,6.12956e-06,0.09159,0.0281225,0.0821976,0,0,0.0315577,4.82311e-23,0,0,0,0
#[v_choice,54]
%0,0,0,0.664702,0,0,8.10775e-06,0,0,0,0,0.335289,0,0,0,0,0,0,0,0,0
#[v_choice,55]
%0,0.00720182,0,0.0207934,0.00376158,0.102748,0.0707949,0.52137,0.20342,0,0.0321742,0,0,0,0,0,0,0.0188453,0,0,0.0188908
#[v_choice,56]
%0,0,0,0.112665,0,0.120312,0,0.283102,0,0.0851708,0.0723072,0.129614,0.00134549,0.127403,0.0368293,0,0,0,0,0.0312511,2.92561e-31
#[v_choice,57]
%0,0.00234769,0.00648244,0.0280638,0.000223882,0.209454,0.0332547,0.400164,0.125324,0.0375257,0.0733868,0.0105702,0.0144399,0.00321027,0.0139668,0.00365853,0.00451732,0.00371029,0.00100259,0.0117666,0.016931
#[v_choice,58]
%0,0,0.0482463,0.0237532,0.105318,0.149137,0.107262,0.434717,0.0727925,0,0.000172246,0.0434815,0,0.01512,9.67806e-35,0,0,0,0,0,0
#[v_choice,59]
%0,0,0,0,0.00118235,2.87974e-05,0.0427555,0.149192,0.434884,0,0.270944,0.101014,0,0,0,1.39435e-13,9.32906e-40,0,0,0,0
#[v_choice,60]
%0,0,0,0,0,0.134745,0,0.0118469,0.251413,6.36625e-07,0.315714,0,0,0,0,0.140212,0,0.146069,3.19e-29,1.23339e-49,0
#[v_choice,61]
%0,0,0,0,0.290239,0.000133865,0.338669,0.205967,0.00340608,0,0.115232,0,0,0,0,0.0463525,0,0,0,0,0
#[v_choice,62]
%0,0,0,0.0653621,0.0913574,0.000129246,0.00119049,0.0865083,0.378969,0,0.208459,0.0963721,0,0,0,0,0,0,0.0716523,1.44303e-24,0
@j_5_del
$Dim[9,23]
#[j_choice,0]
%7.78456e-13,1.31392e-05,0.00602237,0.16726,0.103703,0.0971922,0.258415,0.132075,0.103021,0.0423353,0.0275915,0.00810987,0.00669267,0.00145275,0.0202789,0.00299151,0.00540487,0.00160641,0.000694757,0.00191481,0.00602936,0.00389552,0.00329836
#[j_choice,1]
%8.3309e-05,0,0.000103378,0.0631779,7.59006e-08,0.395744,0.0911962,0.0993808,0.0794752,0.115313,0.011173,0.0551719,0.0294937,0.00326378,0.000217822,0.0436073,0.00668986,9.02362e-07,1.5824e-06,0.000297596,0.00272279,5.83744e-06,0.00287934
#[j_choice,2]
%0,0,0,9.56662e-05,0.0128424,1.18865e-06,0.00275103,0.0675028,0.20207,0.0991679,0.554319,0.0106129,0.000592037,0.00391727,0.000669709,0.00126287,0.000364116,7.47121e-05,0.0291614,0,0.00121001,4.50336e-12,0.0133849
#[j_choice,3]
%0,0,0,0,0,0.00444411,0,0.000886244,0.0164857,9.99009e-08,0,0.866742,0.0831415,0.00205526,8.48045e-05,1.9589e-05,0,0.0170249,9.85021e-07,0.00368428,0.00538345,4.70576e-05,0
#[j_choice,4]
%0,0,0.00886232,0.0437363,0.0092158,0.109239,0.00064104,0.0988635,0.0185818,0.000116934,0,0.157535,0.0075264,0.0238522,0.00422533,0.00519492,0.000310524,9.61835e-05,1.9892e-05,0.133139,0.322559,0.0480535,0.00823175
#[j_choice,5]
%0.000443119,0.000162069,0.0135799,0.0528879,0.188041,0.100662,0.0624307,0.148336,0.121458,0.0408933,0.121069,0.024758,0.0141538,0.0168676,0.0365887,0.00640014,0.0200438,0.0116425,0.00287363,0.00313884,0.00494697,0.00385941,0.00476393
#[j_choice,6]
%0.00100961,0,0.00437398,0.112055,0.125562,0.206739,0.0521675,0.178619,0.0928571,0.0363921,0.134064,0.0125947,0.00716832,0.0122359,0.0166569,0.00397905,1.69689e-06,6.80117e-11,0.000503843,9.33505e-07,1.95949e-06,0.00025033,0.00276707
#[j_choice,7]
%0,0,0,0,0,0.00332021,0,0,0,0.000577891,7.81695e-06,0.126022,0.012778,0.031688,0.0711038,0.0618847,0.0176105,0.133604,0.00449821,0.0670086,0.250296,0.205089,0.014511
#[j_choice,8]
%0,0,0.00667539,0.0749038,0.170886,0.112347,0.090142,0.233486,0.0455507,0.0486392,0.093635,0.0380936,0.0188575,0.0141095,0.0252299,0.00733611,0.00127802,0.00284387,0.00306913,0.0029526,0.00469384,0.000849468,0.00442143
@vj_ins
$Dim[41]
#
%0.110984,0.119058,0.198946,0.139084,0.0845672,0.0902548,0.0481007,0.0500972,0.0426132,0.0159605,0.0186428,0.0169965,0.00589655,0.00615867,0.0130765,0.00537316,0.0124138,0.00633031,0.00629924,0.00273858,0.00233404,0.000146213,0.00164136,0.000765327,0.000531146,0.000422084,0.000216566,0.000196925,0,7.95721e-05,0,0,0,0,0,0,7.41016e-05,0,0,0,0
@vj_dinucl
$Dim[16]
#
%0.142834,0.542438,0.204481,0.110247,0.118019,0.453157,0.173075,0.255749,0.169387,0.185531,0.427764,0.217318,0.18012,0.371057,0.126295,0.322529
